301,'100013',524,,5696,2,0,34 2 35 15 7 16,0,30,,5697,2,0,34 2 35 15 7 16,0,70,,5698,2,0,34 2 35 15 7 16,0,30,,5699,2,0,34 2 35 15 7 16,0,70,,5700,2,0,34 2 35 15 7 16,0,10,,5730,2,0,34 2 35 15 7 16,0,20,,5705,2,0,34 2 35 15 7 16,0,80,,5701,2,0,34 2 35 15 7 16,0,70,,5706,2,0,34 2 35 15 7 16,0,30,,5702,2,0,34 2 35 15 7 16,0,70,,5707,2,0,34 2 35 15 7 16,0,30,,5703,2,0,34 2 35 15 7 16,0,70,,5708,2,0,34 2 35 15 7 16,0,30,,5704,2,0,34 2 35 15 7 16,0,70,,5709,2,0,34 2 35 15 7 16,0,38,,5710,2,0,34 2 35 15 7 16,0,75,,5711,2,0,34 2 35 15 7 16,0,35,,5712,2,0,34 2 35 15 7 16,0,54,,5729,2,0,34 2 35 15 7 16,0,21,,5713,2,0,34 2 35 15 7 16,0,75,,5714,2,0,34 2 35 15 7 16,0,5,,5731,2,0,34 2 35 15 7 16,0,30,,5715,2,0,34 2 35 15 7 16,0,75,,5716,2,0,34 2 35 15 7 16,0,40,,5717,2,0,34 2 35 15 7 16,0,85,,5718,2,0,34 2 35 15 7 16,0,70,,5719,2,0,34 2 35 15 7 16,0,30,,5720,2,0,34 2 35 15 7 16,0,70,,5721,2,0,34 2 35 15 7 16,0,30,,5722,2,0,34 2 35 15 7 16,0,85,,5723,2,0,34 2 35 15 7 16,0,30,,5724,2,0,34 2 35 15 7 16,0,70,,5725,2,0,34 2 35 15 7 16,0,30,,5726,2,0,34 2 35 15 7 16,0,70,,5727,2,0,34 2 35 15 7 16,0,30,,5728,2,0,34 2 35 15 7 16,0
301,'100014',731,,5735,2,0,34 2 35 15 7 16,0,100,,5736,2,0,34 2 35 15 7 16,0,100,,5737,2,0,34 2 35 15 7 16,0,101,,5738,2,0,34 2 35 15 7 16,0,100,,5739,2,0,34 2 35 15 7 16,0,115,,5740,2,0,34 2 35 15 7 16,0,100,,5741,2,0,34 2 35 15 7 16,0,100,,5742,2,0,34 2 35 15 7 16,0,100,,5743,2,0,34 2 35 15 7 16,0,155,,5734,2,0,34 2 35 15 7 16,0,100,,5732,2,0,34 2 35 15 7 16,0,100,,5733,2,0,34 2 35 15 7 16,0
301,'100015',524,,5744,2,0,34 2 35 15 7 16,0,30,,5745,2,0,34 2 35 15 7 16,0,70,,5746,2,0,34 2 35 15 7 16,0,30,,5747,2,0,34 2 35 15 7 16,0,70,,5748,2,0,34 2 35 15 7 16,0,10,,5778,2,0,34 2 35 15 7 16,0,20,,5753,2,0,34 2 35 15 7 16,0,80,,5749,2,0,34 2 35 15 7 16,0,70,,5754,2,0,34 2 35 15 7 16,0,30,,5750,2,0,34 2 35 15 7 16,0,70,,5755,2,0,34 2 35 15 7 16,0,30,,5751,2,0,34 2 35 15 7 16,0,70,,5756,2,0,34 2 35 15 7 16,0,30,,5752,2,0,34 2 35 15 7 16,0,70,,5757,2,0,34 2 35 15 7 16,0,38,,5758,2,0,34 2 35 15 7 16,0,75,,5759,2,0,34 2 35 15 7 16,0,35,,5760,2,0,34 2 35 15 7 16,0,54,,5777,2,0,34 2 35 15 7 16,0,21,,5761,2,0,34 2 35 15 7 16,0,75,,5762,2,0,34 2 35 15 7 16,0,5,,5779,2,0,34 2 35 15 7 16,0,30,,5763,2,0,34 2 35 15 7 16,0,75,,5764,2,0,34 2 35 15 7 16,0,40,,5765,2,0,34 2 35 15 7 16,0,85,,5766,2,0,34 2 35 15 7 16,0,70,,5767,2,0,34 2 35 15 7 16,0,30,,5768,2,0,34 2 35 15 7 16,0,70,,5769,2,0,34 2 35 15 7 16,0,30,,5770,2,0,34 2 35 15 7 16,0,85,,5771,2,0,34 2 35 15 7 16,0,30,,5772,2,0,34 2 35 15 7 16,0,70,,5773,2,0,34 2 35 15 7 16,0,30,,5774,2,0,34 2 35 15 7 16,0,70,,5775,2,0,34 2 35 15 7 16,0,30,,5776,2,0,34 2 35 15 7 16,0
301,'100016',731,,5783,2,0,34 2 35 15 7 16,0,100,,5784,2,0,34 2 35 15 7 16,0,100,,5785,2,0,34 2 35 15 7 16,0,101,,5786,2,0,34 2 35 15 7 16,0,100,,5787,2,0,34 2 35 15 7 16,0,115,,5788,2,0,34 2 35 15 7 16,0,100,,5789,2,0,34 2 35 15 7 16,0,100,,5790,2,0,34 2 35 15 7 16,0,100,,5791,2,0,34 2 35 15 7 16,0,155,,5780,2,0,34 2 35 15 7 16,0,100,,5781,2,0,34 2 35 15 7 16,0,100,,5782,2,0,34 2 35 15 7 16,0
400,'100013',524,,5821,2,,,0,30,,5800,2,,,0,70,,5792,2,,,0,18,,5819,2,,,0,12,,5801,2,,,0,70,,5793,2,,,0,30,,5802,2,,,0,80,,5794,2,,,0,69,,5820,2,,,0,31,,5795,2,,,0,70,,5816,2,,,0,30,,5796,2,,,0,70,,5817,2,,,0,30,,5797,2,,,0,70,,5818,2,,,0,38,,5798,2,,,0,75,,5823,2,,,0,35,,5799,2,,,0,75,,5803,2,,,0,75,,5822,2,,,0,35,,5804,2,,,0,75,,5805,2,,,0,40,,5811,2,,,0,85,,5806,2,,,0,70,,5812,2,,,0,30,,5807,2,,,0,70,,5813,2,,,0,30,,5808,2,,,0,85,,5814,2,,,0,30,,5809,2,,,0,70,,5815,2,,,0,30,,5810,2,,,0,70,,5824,2,,,0,30,,5825,2,,,0
400,'100014',732,,5827,2,,,0,70,,5838,2,,,0,30,,5828,2,,,0,70,,5839,2,,,0,30,,5829,2,,,0,70,,5840,2,,,0,30,,5830,2,,,0,70,,5841,2,,,0,30,,5831,2,,,0,70,,5842,2,,,0,45,,5832,2,,,0,70,,5843,2,,,0,30,,5833,2,,,0,70,,5844,2,,,0,30,,5834,2,,,0,70,,5845,2,,,0,30,,5835,2,,,0,85,,5846,2,,,0,70,,5836,2,,,0,30,,5847,2,,,0,70,,5837,2,,,0,30,,5848,2,,,0,70,,5826,2,,,0
400,'100015',524,,5878,2,,,0,30,,5857,2,,,0,70,,5849,2,,,0,18,,5876,2,,,0,12,,5858,2,,,0,70,,5850,2,,,0,30,,5859,2,,,0,80,,5851,2,,,0,69,,5877,2,,,0,31,,5852,2,,,0,70,,5873,2,,,0,30,,5853,2,,,0,70,,5874,2,,,0,30,,5854,2,,,0,70,,5875,2,,,0,38,,5855,2,,,0,75,,5880,2,,,0,35,,5856,2,,,0,75,,5860,2,,,0,75,,5879,2,,,0,35,,5861,2,,,0,75,,5862,2,,,0,40,,5868,2,,,0,85,,5863,2,,,0,70,,5869,2,,,0,30,,5864,2,,,0,70,,5870,2,,,0,30,,5865,2,,,0,85,,5871,2,,,0,30,,5866,2,,,0,70,,5872,2,,,0,30,,5867,2,,,0,70,,5881,2,,,0,30,,5882,2,,,0
400,'100016',732,,5883,2,,,0,70,,5895,2,,,0,30,,5884,2,,,0,70,,5896,2,,,0,30,,5885,2,,,0,70,,5897,2,,,0,30,,5886,2,,,0,70,,5898,2,,,0,30,,5887,2,,,0,70,,5899,2,,,0,45,,5888,2,,,0,70,,5900,2,,,0,30,,5889,2,,,0,70,,5901,2,,,0,30,,5890,2,,,0,70,,5902,2,,,0,30,,5891,2,,,0,85,,5903,2,,,0,70,,5892,2,,,0,30,,5904,2,,,0,70,,5893,2,,,0,30,,5905,2,,,0,70,,5894,2,,,0
500,'100013',554,,5906,2,,,0,70,,5922,2,,,0,30,,5907,2,,,0,70,,5923,2,,,0,30,,5908,2,,,0,80,,5909,2,,,0,70,,5931,2,,,0,30,,5910,2,,,0,70,,5934,2,,,0,30,,5911,2,,,0,70,,5933,2,,,0,30,,5912,2,,,0,70,,5935,2,,,0,39,,5913,2,,,0,75,,5932,2,,,0,35,,5914,2,,,0,75,,5924,2,,,0,75,,5915,2,,,0,35,,5925,2,,,0,75,,5916,2,,,0,40,,5917,2,,,0,84,,5926,2,,,0,70,,5918,2,,,0,30,,5927,2,,,0,70,,5919,2,,,0,30,,5928,2,,,0,85,,5920,2,,,0,30,,5929,2,,,0,70,,5921,2,,,0,30,,5930,2,,,0,70,,5936,2,,,0,30,,5937,2,,,0
500,'100014',802,,5938,2,,,0,100,,5944,2,,,0,100,,5939,2,,,0,100,,5945,2,,,0,100,,5940,2,,,0,115,,5946,2,,,0,100,,5941,2,,,0,100,,5947,2,,,0,115,,5942,2,,,0,100,,5948,2,,,0,100,,5943,2,,,0
500,'100015',554,,5949,2,,,0,70,,5965,2,,,0,30,,5950,2,,,0,70,,5966,2,,,0,30,,5951,2,,,0,80,,5952,2,,,0,70,,5974,2,,,0,30,,5953,2,,,0,70,,5977,2,,,0,30,,5954,2,,,0,70,,5976,2,,,0,30,,5955,2,,,0,70,,5978,2,,,0,39,,5956,2,,,0,75,,5975,2,,,0,35,,5957,2,,,0,75,,5967,2,,,0,75,,5958,2,,,0,35,,5968,2,,,0,75,,5959,2,,,0,40,,5960,2,,,0,84,,5969,2,,,0,70,,5961,2,,,0,30,,5970,2,,,0,70,,5962,2,,,0,30,,5971,2,,,0,85,,5963,2,,,0,30,,5972,2,,,0,70,,5964,2,,,0,30,,5973,2,,,0,70,,5979,2,,,0,30,,5980,2,,,0
500,'100016',802,,5981,2,,,0,100,,5982,2,,,0,100,,5983,2,,,0,100,,5984,2,,,0,100,,5985,2,,,0,115,,5986,2,,,0,100,,5987,2,,,0,100,,5988,2,,,0,115,,5989,2,,,0,100,,5990,2,,,0,100,,5991,2,,,0
800,'100013',553,,6191,2,,,0,70,,6176,2,,,0,30,,6192,2,,,0,70,,6177,2,,,0,30,,6193,2,,,0,80,,6194,2,,,0,70,,6178,2,,,0,30,,6202,2,,,0,70,,6179,2,,,0,30,,6203,2,,,0,70,,6180,2,,,0,30,,6204,2,,,0,70,,6181,2,,,0,39,,6205,2,,,0,75,,6182,2,,,0,35,,6195,2,,,0,75,,6183,2,,,0,75,,6184,2,,,0,35,,6196,2,,,0,75,,6185,2,,,0,40,,6197,2,,,0,84,,6186,2,,,0,70,,6198,2,,,0,30,,6187,2,,,0,70,,6199,2,,,0,30,,6188,2,,,0,85,,6200,2,,,0,30,,6189,2,,,0,70,,6201,2,,,0,30,,6190,2,,,0,70,,6207,2,,,0,28,,6206,2,,,0
800,'100014',731,,6208,2,,,0,100,,6214,2,,,0,100,,6209,2,,,0,100,,6215,2,,,0,100,,6210,2,,,0,115,,6216,2,,,0,100,,6211,2,,,0,100,,6217,2,,,0,100,,6212,2,,,0,155,,6218,2,,,0,100,,6213,2,,,0,100,,6219,2,,,0
800,'100015',553,,6235,2,,,0,70,,6220,2,,,0,30,,6236,2,,,0,70,,6221,2,,,0,30,,6237,2,,,0,80,,6238,2,,,0,70,,6222,2,,,0,30,,6246,2,,,0,70,,6223,2,,,0,30,,6247,2,,,0,70,,6224,2,,,0,30,,6248,2,,,0,70,,6225,2,,,0,39,,6249,2,,,0,75,,6226,2,,,0,35,,6239,2,,,0,75,,6227,2,,,0,75,,6228,2,,,0,35,,6240,2,,,0,75,,6229,2,,,0,40,,6241,2,,,0,84,,6230,2,,,0,70,,6242,2,,,0,30,,6231,2,,,0,70,,6243,2,,,0,30,,6232,2,,,0,85,,6244,2,,,0,30,,6233,2,,,0,70,,6245,2,,,0,30,,6234,2,,,0,70,,6251,2,,,0,28,,6250,2,,,0
800,'100016',731,,6252,2,,,0,100,,6253,2,,,0,100,,6254,2,,,0,100,,6255,2,,,0,100,,6256,2,,,0,115,,6257,2,,,0,100,,6258,2,,,0,100,,6259,2,,,0,100,,6260,2,,,0,155,,6261,2,,,0,100,,6262,2,,,0,100,,6263,2,,,0
