200,'100013',552,2,5360,25,,,0,70,2,5369,25,,,0,30,2,5361,25,,,0,70,2,5370,25,,,0,30,2,5362,25,,,0,80,12,5371,25,,,0,70,2,5363,25,,,0,30,2,5372,25,,,0,70,2,5364,25,,,0,30,2,5373,25,,,0,70,2,5365,25,,,0,30,2,5374,25,,,0,70,2,5366,25,,,0,28,,5375,25,4,,0,10,,5393,1,,,0,75,2,5367,25,,,0,35,2,5376,25,,,0,75,2,5368,25,,,0,75,42,5377,25,,,0,35,2,5385,25,,,0,75,2,5378,25,,,0,35,2,5386,25,,,0,89,11,5379,25,,,0,71,2,5380,25,,,0,30,2,5387,25,,,0,70,2,5381,25,,,0,30,2,5388,25,,,0,85,17,5382,25,,,0,30,2,5389,25,,,0,70,2,5383,25,,,0,30,2,5390,25,,,0,70,2,5384,25,,,0,30,2,5391,25,,,0,70,2,5392,25,,,0
200,'100014',730,2,5415,25,,,0,70,42,5414,25,,,0,30,2,5395,25,,,0,70,42,5394,25,,,0,30,2,5396,25,,,0,70,42,5397,25,,,0,30,2,5398,25,,,0,70,42,5399,25,,,0,30,2,5400,25,,,0,70,42,5401,25,,,0,28,,5418,25,4,,0,17,,5419,1,,,0,70,2,5402,25,,,0,30,2,5403,25,,,0,70,2,5404,25,,,0,30,2,5405,25,,,0,70,2,5406,25,,,0,30,2,5407,25,,,0,68,,5416,25,4,,0,17,,5417,1,,,0,70,42,5408,25,,,0,30,2,5409,25,,,0,70,42,5410,25,,,0,30,2,5411,25,,,0,70,42,5412,25,,,0,30,2,5413,25,,,0
200,'100015',552,2,5420,25,,,0,70,2,5429,25,,,0,30,2,5421,25,,,0,70,2,5430,25,,,0,30,2,5422,25,,,0,80,12,5431,25,,,0,70,2,5423,25,,,0,30,2,5432,25,,,0,70,2,5424,25,,,0,30,2,5433,25,,,0,70,2,5425,25,,,0,30,2,5434,25,,,0,70,2,5426,25,,,0,28,,5435,25,4,,0,10,,5453,1,,,0,75,2,5427,25,,,0,35,2,5436,25,,,0,75,2,5428,25,,,0,75,42,5437,25,,,0,35,2,5445,25,,,0,75,2,5438,25,,,0,35,2,5446,25,,,0,89,11,5439,25,,,0,71,2,5440,25,,,0,30,2,5447,25,,,0,70,2,5441,25,,,0,30,2,5448,25,,,0,85,17,5442,25,,,0,30,2,5449,25,,,0,70,2,5443,25,,,0,30,2,5450,25,,,0,70,2,5444,25,,,0,30,2,5451,25,,,0,70,2,5452,25,,,0
200,'100016',730,2,5476,25,,,0,70,42,5454,25,,,0,30,2,5455,25,,,0,70,42,5456,25,,,0,30,2,5457,25,,,0,70,42,5458,25,,,0,30,2,5459,25,,,0,70,42,5460,25,,,0,30,2,5461,25,,,0,70,42,5462,25,,,0,28,,5463,25,4,,0,17,,5477,1,,,0,70,2,5464,25,,,0,30,2,5465,25,,,0,70,2,5466,25,,,0,30,2,5467,25,,,0,70,2,5468,25,,,0,30,2,5469,25,,,0,68,,5479,25,4,,0,17,,5478,1,,,0,70,42,5471,25,,,0,30,2,5472,25,,,0,70,42,5473,25,,,0,30,2,5474,25,,,0,70,42,5475,25,,,0,30,2,5470,25,,,0
201,'100013',522,,5510,1,,,0,30,2,5513,18,,,0,70,2,5480,18,,,0,30,2,5488,18,,,0,70,2,5481,18,,,0,30,2,5489,18,,,0,80,12,5482,18,,,0,70,2,5490,18,,,0,30,2,5483,18,,,0,70,2,5491,18,,,0,30,2,5484,18,,,0,70,2,5492,18,,,0,30,2,5485,18,,,0,70,2,5493,18,,,0,28,,5486,18,4,,0,10,,5514,1,,,0,75,6,5511,18,,,0,35,6,5487,18,,,0,75,6,5494,18,,,0,75,46,5501,18,,,0,35,6,5495,18,,,0,75,6,5502,18,,,0,40,11,5496,18,,,0,85,17,5512,18,,,0,70,3,5503,18,,,0,30,3,5497,18,,,0,70,3,5504,18,,,0,30,3,5498,18,,,0,85,18,5505,18,,,0,30,3,5499,18,,,0,70,3,5506,18,,,0,30,3,5500,18,,,0,70,3,5507,18,,,0,30,3,5508,18,,,0,71,2,5509,18,,,0
201,'100014',800,42,5520,18,,,0,30,2,5524,18,,,0,70,42,5521,18,,,0,30,2,5533,18,,,0,70,42,5523,18,,,0,30,2,5522,18,,,0,70,42,5525,18,,,0,30,2,5526,18,,,0,70,42,5515,18,,,0,28,,5538,18,4,,0,17,,5539,1,,,0,70,2,5528,18,,,0,30,2,5529,18,,,0,70,2,5530,18,,,0,30,2,5531,18,,,0,70,2,5532,18,,,0,30,2,5535,18,,,0,68,,5536,18,4,,0,17,,5537,1,,,0,70,42,5534,18,,,0,30,2,5516,18,,,0,70,42,5519,18,,,0,30,2,5518,18,,,0,70,42,5517,18,,,0,30,2,5527,18,,,0
201,'100015',522,,5570,1,,,0,30,2,5573,18,,,0,70,2,5540,18,,,0,30,2,5548,18,,,0,70,2,5541,18,,,0,30,2,5549,18,,,0,80,12,5542,18,,,0,70,2,5550,18,,,0,30,2,5543,18,,,0,70,2,5551,18,,,0,30,2,5544,18,,,0,70,2,5552,18,,,0,30,2,5545,18,,,0,70,2,5553,18,,,0,28,,5546,18,4,,0,10,,5574,1,,,0,75,6,5571,18,,,0,35,6,5547,18,,,0,75,6,5554,18,,,0,75,46,5561,18,,,0,35,6,5555,18,,,0,75,6,5562,18,,,0,40,11,5556,18,,,0,85,17,5572,18,,,0,70,3,5563,18,,,0,30,3,5557,18,,,0,70,3,5564,18,,,0,30,3,5558,18,,,0,85,18,5565,18,,,0,30,3,5559,18,,,0,70,3,5566,18,,,0,30,3,5560,18,,,0,70,3,5567,18,,,0,30,3,5568,18,,,0,71,2,5569,18,,,0
201,'100016',800,42,5575,18,,,0,30,2,5576,18,,,0,70,42,5577,18,,,0,30,2,5578,18,,,0,70,42,5579,18,,,0,30,2,5580,18,,,0,70,42,5581,18,,,0,30,2,5582,18,,,0,70,42,5583,18,,,0,28,,5584,18,4,,0,17,,5597,1,,,0,70,2,5585,18,,,0,30,2,5586,18,,,0,70,2,5587,18,,,0,30,2,5588,18,,,0,70,2,5589,18,,,0,30,2,5590,18,,,0,68,,5599,18,4,,0,17,,5598,1,,,0,70,42,5592,18,,,0,30,2,5593,18,,,0,70,42,5594,18,,,0,30,2,5595,18,,,0,70,42,5596,18,,,0,30,2,5591,18,,,0
400,'100014',827,,5838,42,4,,0,100,,5839,42,4,,0,100,,5840,42,4,,0,100,,5841,42,4,,0,100,,5842,42,4,,0,115,,5843,42,4,,0,100,,5844,42,4,,0,100,,5845,42,4,,0,115,,5846,42,4,,0,100,,5847,42,4,,0,100,,5848,42,4,,0
400,'100016',827,,5895,42,4,,0,100,,5896,42,4,,0,100,,5897,42,4,,0,100,,5898,42,4,,0,100,,5899,42,4,,0,115,,5900,42,4,,0,100,,5901,42,4,,0,100,,5902,42,4,,0,115,,5903,42,4,,0,100,,5904,42,4,,0,100,,5905,42,4,,0
500,'100013',552,,5906,1,,,0,68,,5906,50,4,,0,2,,5922,1,,,0,28,,5922,50,4,,0,2,,5907,1,,,0,68,,5907,50,4,,0,2,,5923,1,,,0,28,,5923,50,4,,0,2,,5908,1,,,0,68,,5908,50,4,,0,12,,5909,1,,,0,68,,5909,50,4,,0,2,,5931,1,,,0,28,,5931,50,4,,0,2,,5910,1,,,0,68,,5910,50,4,,0,2,,5934,1,,,0,28,,5934,50,4,,0,2,,5911,1,,,0,68,,5911,50,4,,0,2,,5933,1,,,0,28,,5933,50,4,,0,2,,5912,1,,,0,68,,5912,50,4,,0,2,,5935,1,,,0,28,,5935,50,4,,0,10,,5913,1,,,0,73,,5913,50,4,,0,2,,5932,1,,,0,33,,5932,50,4,,0,2,,5914,1,,,0,73,,5914,50,4,,0,2,,5924,1,,,0,33,,5924,50,4,,0,42,,5915,1,,,0,33,,5915,50,4,,0,2,,5925,1,,,0,73,,5925,50,4,,0,2,,5916,1,,,0,33,,5916,50,4,,0,7,,5917,1,,,0,73,,5917,50,4,,0,12,,5926,1,,,0,68,,5926,50,4,,0,2,,5918,1,,,0,28,,5918,50,4,,0,2,,5927,1,,,0,68,,5927,50,4,,0,2,,5919,1,,,0,28,,5919,50,4,,0,2,,5928,1,,,0,68,,5928,50,4,,0,17,,5920,1,,,0,28,,5920,50,4,,0,2,,5929,1,,,0,68,,5929,50,4,,0,2,,5921,1,,,0,28,,5921,50,4,,0,2,,5930,1,,,0,68,,5930,50,4,,0,2,,5936,1,,,0,28,,5936,50,4,,0,2,,5937,1,,,0,68,,5937,50,4,,0
500,'100014',800,,5938,1,,,0,100,,5944,1,,,0,100,,5939,1,,,0,100,,5945,1,,,0,100,,5940,1,,,0,115,,5946,1,,,0,100,,5941,1,,,0,100,,5947,1,,,0,115,,5942,1,,,0,100,,5948,1,,,0,100,,5943,1,,,0
500,'100015',552,,5949,1,,,0,68,,5949,50,4,,0,2,,5965,1,,,0,28,,5965,50,4,,0,2,,5950,1,,,0,68,,5950,50,4,,0,2,,5966,1,,,0,28,,5966,50,4,,0,2,,5951,1,,,0,68,,5951,50,4,,0,12,,5952,1,,,0,68,,5952,50,4,,0,2,,5974,1,,,0,28,,5974,50,4,,0,2,,5953,1,,,0,68,,5953,50,4,,0,2,,5977,1,,,0,28,,5977,50,4,,0,2,,5954,1,,,0,68,,5954,50,4,,0,2,,5976,1,,,0,28,,5976,50,4,,0,2,,5955,1,,,0,68,,5955,50,4,,0,2,,5978,1,,,0,28,,5978,50,4,,0,10,,5956,1,,,0,73,,5956,50,4,,0,2,,5975,1,,,0,33,,5975,50,4,,0,2,,5957,1,,,0,73,,5957,50,4,,0,2,,5967,1,,,0,33,,5967,50,4,,0,42,,5958,1,,,0,33,,5958,50,4,,0,2,,5968,1,,,0,73,,5968,50,4,,0,2,,5959,1,,,0,33,,5959,50,4,,0,7,,5960,1,,,0,73,,5960,50,4,,0,12,,5969,1,,,0,68,,5969,50,4,,0,2,,5961,1,,,0,28,,5961,50,4,,0,2,,5970,1,,,0,68,,5970,50,4,,0,2,,5962,1,,,0,28,,5962,50,4,,0,2,,5971,1,,,0,68,,5971,50,4,,0,17,,5963,1,,,0,28,,5963,50,4,,0,2,,5972,1,,,0,68,,5972,50,4,,0,2,,5964,1,,,0,28,,5964,50,4,,0,2,,5973,1,,,0,68,,5973,50,4,,0,2,,5979,1,,,0,28,,5979,50,4,,0,2,,5980,1,,,0,68,,5980,50,4,,0
500,'100016',800,,5981,1,,,0,100,,5982,1,,,0,100,,5983,1,,,0,100,,5984,1,,,0,100,,5985,1,,,0,115,,5986,1,,,0,100,,5987,1,,,0,100,,5988,1,,,0,115,,5989,1,,,0,100,,5990,1,,,0,100,,5991,1,,,0
600,'100014',758,,6035,39,4,,0,100,,6036,39,4,,0,100,,6038,39,4,,0,100,,6027,39,4,,0,100,,6037,39,4,,0,155,,6031,39,4,,0,100,,6028,39,4,,0,100,,6032,39,4,,0,100,,6029,39,4,,0,115,,6033,39,4,,0,100,,6030,39,4,,0,100,,6034,39,4,,0
600,'100016',758,,6081,39,4,,0,100,,6082,39,4,,0,100,,6083,39,4,,0,100,,6084,39,4,,0,100,,6085,39,4,,0,155,,6077,39,4,,0,100,,6076,39,4,,0,100,,6075,39,4,,0,100,,6074,39,4,,0,115,,6079,39,4,,0,100,,6078,39,4,,0,100,,6080,39,4,,0
800,'100013',552,,6191,1,,,0,68,,6191,43,4,,0,2,,6176,1,,,0,28,,6176,43,4,,0,2,,6192,1,,,0,68,,6192,43,4,,0,2,,6177,1,,,0,28,,6177,43,4,,0,2,,6193,1,,,0,68,,6193,43,4,,0,12,,6194,1,,,0,68,,6194,43,4,,0,2,,6178,1,,,0,27,,6178,43,4,,0,3,,6202,1,,,0,27,,6202,43,4,,0,43,,6179,1,,,0,27,,6179,43,4,,0,3,,6203,1,,,0,27,,6203,43,4,,0,43,,6180,1,,,0,27,,6180,43,4,,0,3,,6204,1,,,0,27,,6204,43,4,,0,43,,6181,1,,,0,27,,6181,43,4,,0,11,,6205,1,,,0,73,,6205,43,4,,0,2,,6182,1,,,0,33,,6182,43,4,,0,2,,6195,1,,,0,73,,6195,43,4,,0,2,,6183,1,,,0,33,,6183,43,4,,0,42,,6184,1,,,0,33,,6184,43,4,,0,2,,6196,1,,,0,73,,6196,43,4,,0,2,,6185,1,,,0,33,,6185,43,4,,0,7,,6197,1,,,0,73,,6197,43,4,,0,12,,6186,1,,,0,68,,6186,43,4,,0,2,,6198,1,,,0,28,,6198,43,4,,0,2,,6187,1,,,0,68,,6187,43,4,,0,2,,6199,1,,,0,28,,6199,43,4,,0,2,,6188,1,,,0,68,,6188,43,4,,0,17,,6200,1,,,0,28,,6200,43,4,,0,2,,6189,1,,,0,68,,6189,43,4,,0,2,,6201,1,,,0,28,,6201,43,4,,0,2,,6190,1,,,0,68,,6190,43,4,,0,2,,6207,1,,,0,26,,6207,43,4,,0,2,,6206,1,,,0,66,,6206,43,4,,0
800,'100014',730,,6208,1,,,0,100,,6214,1,,,0,100,,6209,1,,,0,100,,6215,1,,,0,100,,6210,1,,,0,115,,6216,1,,,0,100,,6211,1,,,0,100,,6217,1,,,0,100,,6212,1,,,0,155,,6218,1,,,0,100,,6213,1,,,0,100,,6219,1,,,0
800,'100015',552,,6235,1,,,0,68,,6235,43,4,,0,2,,6220,1,,,0,28,,6220,43,4,,0,2,,6236,1,,,0,68,,6236,43,4,,0,2,,6221,1,,,0,28,,6221,43,4,,0,2,,6237,1,,,0,68,,6237,43,4,,0,12,,6238,1,,,0,68,,6238,43,4,,0,2,,6222,1,,,0,27,,6222,43,4,,0,3,,6246,1,,,0,27,,6246,43,4,,0,43,,6223,1,,,0,27,,6223,43,4,,0,3,,6247,1,,,0,27,,6247,43,4,,0,43,,6224,1,,,0,27,,6224,43,4,,0,3,,6248,1,,,0,27,,6248,43,4,,0,43,,6225,1,,,0,27,,6225,43,4,,0,11,,6249,1,,,0,73,,6249,43,4,,0,2,,6226,1,,,0,33,,6226,43,4,,0,2,,6239,1,,,0,73,,6239,43,4,,0,2,,6227,1,,,0,33,,6227,43,4,,0,42,,6228,1,,,0,33,,6228,43,4,,0,2,,6240,1,,,0,73,,6240,43,4,,0,2,,6229,1,,,0,33,,6229,43,4,,0,7,,6241,1,,,0,73,,6241,43,4,,0,12,,6230,1,,,0,68,,6230,43,4,,0,2,,6242,1,,,0,28,,6242,43,4,,0,2,,6231,1,,,0,68,,6231,43,4,,0,2,,6243,1,,,0,28,,6243,43,4,,0,2,,6232,1,,,0,68,,6232,43,4,,0,17,,6244,1,,,0,28,,6244,43,4,,0,2,,6233,1,,,0,68,,6233,43,4,,0,2,,6245,1,,,0,28,,6245,43,4,,0,2,,6234,1,,,0,68,,6234,43,4,,0,2,,6251,1,,,0,26,,6251,43,4,,0,2,,6250,1,,,0,66,,6250,43,4,,0
800,'100016',730,,6252,1,,,0,100,,6253,1,,,0,100,,6254,1,,,0,100,,6255,1,,,0,100,,6256,1,,,0,115,,6257,1,,,0,100,,6258,1,,,0,100,,6259,1,,,0,100,,6260,1,,,0,155,,6261,1,,,0,100,,6262,1,,,0,100,,6263,1,,,0
2100,'100013',656,,6278,21,4,,0,75,,6264,21,4,,0,75,,6279,21,4,,0,35,,6265,21,4,,0,75,,6280,21,4,,0,34,,6266,21,4,,0,75,,6281,21,4,,0,75,,6267,21,4,,0,35,,6282,21,4,,0,75,,6268,21,4,,0,38,,6283,21,4,,0,75,,6269,21,4,,0,35,,6284,21,4,,0,75,,6270,21,4,,0,75,,6285,21,4,,0,35,,6271,21,4,,0,76,,6286,21,4,,0,34,,6272,21,4,,0,75,,6287,21,4,,0,79,,6273,21,4,,0,37,,6288,21,4,,0,73,,6274,21,4,,0,39,,6289,21,4,,0,71,,6275,21,4,,0,79,,6290,21,4,,0,40,,6276,21,4,,0,70,,6277,21,4,,0,30,,6291,21,4,,0,70,,6292,21,4,,0,30,,6293,21,4,,0
2100,'100014',835,,6302,21,4,,0,75,,6295,21,4,,0,35,,6303,21,4,,0,75,,6296,21,4,,0,35,,6312,21,4,,0,75,,6311,21,4,,0,75,,6304,21,4,,0,35,,6297,21,4,,0,75,,6305,21,4,,0,35,,6298,21,4,,0,75,,6306,21,4,,0,75,,6299,21,4,,0,35,,6313,21,4,,0,75,,6310,21,4,,0,35,,6307,21,4,,0,75,,6300,21,4,,0,35,,6308,21,4,,0,80,,6301,21,4,,0,75,,6309,21,4,,0,35,,6294,21,4,,0
2100,'100015',656,,6328,21,4,,0,75,,6314,21,4,,0,75,,6329,21,4,,0,35,,6315,21,4,,0,75,,6330,21,4,,0,34,,6316,21,4,,0,75,,6331,21,4,,0,75,,6317,21,4,,0,35,,6332,21,4,,0,75,,6318,21,4,,0,38,,6333,21,4,,0,75,,6319,21,4,,0,35,,6334,21,4,,0,75,,6320,21,4,,0,75,,6335,21,4,,0,35,,6321,21,4,,0,76,,6336,21,4,,0,34,,6322,21,4,,0,75,,6337,21,4,,0,79,,6323,21,4,,0,37,,6338,21,4,,0,73,,6324,21,4,,0,39,,6339,21,4,,0,71,,6325,21,4,,0,79,,6340,21,4,,0,40,,6326,21,4,,0,70,,6327,21,4,,0,30,,6341,21,4,,0,70,,6342,21,4,,0,30,,6343,21,4,,0
2100,'100016',835,,6344,21,4,,0,75,,6345,21,4,,0,35,,6346,21,4,,0,75,,6347,21,4,,0,35,,6348,21,4,,0,75,,6349,21,4,,0,75,,6350,21,4,,0,35,,6351,21,4,,0,75,,6352,21,4,,0,35,,6353,21,4,,0,75,,6354,21,4,,0,75,,6355,21,4,,0,35,,6356,21,4,,0,75,,6357,21,4,,0,35,,6358,21,4,,0,75,,6359,21,4,,0,35,,6360,21,4,,0,80,,6361,21,4,,0,75,,6362,21,4,,0,35,,6363,21,4,,0
2101,'100013',552,,6377,1,,,0,73,,6364,1,,,0,77,,6378,1,,,0,35,,6365,1,,,0,74,,6379,1,,,0,36,,6366,1,,,0,75,,6380,1,,,0,35,,6367,1,,,0,75,,6381,1,,,0,75,,6368,1,,,0,35,,6382,1,,,0,75,,6369,1,,,0,35,,6383,1,,,0,75,,6370,1,,,0,75,,6384,1,,,0,35,,6371,1,,,0,75,,6385,1,,,0,35,,6372,1,,,0,75,,6386,1,,,0,80,,6373,1,,,0,35,,6387,1,,,0,75,,6374,1,,,0,37,,6388,1,,,0,73,,6375,1,,,0,79,,6389,1,,,0,49,,6376,1,,,0,70,,6390,1,,,0,30,,6393,1,,,0,70,,6392,1,,,0,30,,6391,1,,,0
2101,'100014',730,,6401,1,,,0,75,,6394,1,,,0,35,,6402,1,,,0,75,,6395,1,,,0,35,,6412,1,,,0,75,,6410,1,,,0,75,,6403,1,,,0,36,,6396,1,,,0,74,,6404,1,,,0,35,,6397,1,,,0,75,,6405,1,,,0,35,,6398,1,,,0,75,,6406,1,,,0,75,,6399,1,,,0,35,,6413,1,,,0,75,,6409,1,,,0,35,,6407,1,,,0,80,,6400,1,,,0,75,,6408,1,,,0,35,,6411,1,,,0
2101,'100015',552,,6427,1,,,0,73,,6414,1,,,0,77,,6428,1,,,0,35,,6415,1,,,0,74,,6429,1,,,0,36,,6416,1,,,0,75,,6430,1,,,0,35,,6417,1,,,0,75,,6431,1,,,0,75,,6418,1,,,0,35,,6432,1,,,0,75,,6419,1,,,0,35,,6433,1,,,0,75,,6420,1,,,0,75,,6434,1,,,0,35,,6421,1,,,0,75,,6435,1,,,0,35,,6422,1,,,0,75,,6436,1,,,0,80,,6423,1,,,0,35,,6437,1,,,0,75,,6424,1,,,0,37,,6438,1,,,0,73,,6425,1,,,0,79,,6439,1,,,0,49,,6426,1,,,0,70,,6440,1,,,0,30,,6443,1,,,0,70,,6442,1,,,0,30,,6441,1,,,0
2101,'100016',730,,6444,1,,,0,75,,6445,1,,,0,35,,6446,1,,,0,75,,6447,1,,,0,35,,6448,1,,,0,75,,6449,1,,,0,75,,6450,1,,,0,35,,6451,1,,,0,75,,6452,1,,,0,35,,6453,1,,,0,75,,6454,1,,,0,35,,6455,1,,,0,75,,6456,1,,,0,75,,6457,1,,,0,35,,6458,1,,,0,75,,6459,1,,,0,35,,6460,1,,,0,80,,6461,1,,,0,75,,6462,1,,,0,35,,6463,1,,,0
