700,'100014',544,,6086,33,,,0,70,,6096,33,,,0,30,,6087,33,,,0,58,,6114,33,,,0,12,,6097,33,,,0,30,,6088,33,,,0,70,,6098,33,,,0,40,,6107,33,,,0,70,,6089,33,,,0,30,,6108,33,,,0,70,,6090,33,,,0,30,,6115,33,,,0,70,,6091,33,,,0,30,,6116,33,,,0,70,,6092,33,,,0,83,,6117,33,,,0,35,,6093,33,,,0,75,,6099,33,,,0,35,,6094,33,,,0,75,,6100,33,,,0,75,,6095,33,,,0,35,,6101,33,,,0,80,,6102,33,,,0,40,,6109,33,,,0,70,,6103,33,,,0,30,,6110,33,,,0,70,,6104,33,,,0,30,,6111,33,,,0,86,,6105,33,,,0,70,,6112,33,,,0,30,,6106,33,,,0,70,,6113,33,,,0,30,,6118,33,,,0,70,,6119,33,,,0
700,'100015',821,,6120,33,,,0,100,,6121,33,,,0,100,,6122,33,,,0,100,,6123,33,,,0,100,,6124,33,,,0,115,,6125,33,,,0,100,,6126,33,,,0,100,,6127,33,,,0,115,,6128,33,,,0,100,,6129,33,,,0,100,,6130,33,,,0
700,'100016',544,,6131,33,,,0,70,,6141,33,,,0,30,,6132,33,,,0,58,,6159,33,,,0,12,,6142,33,,,0,30,,6133,33,,,0,70,,6143,33,,,0,40,,6152,33,,,0,70,,6134,33,,,0,30,,6153,33,,,0,70,,6135,33,,,0,30,,6160,33,,,0,70,,6136,33,,,0,30,,6161,33,,,0,70,,6137,33,,,0,83,,6162,33,,,0,35,,6138,33,,,0,75,,6144,33,,,0,35,,6139,33,,,0,75,,6145,33,,,0,75,,6140,33,,,0,35,,6146,33,,,0,80,,6147,33,,,0,40,,6154,33,,,0,70,,6148,33,,,0,30,,6155,33,,,0,70,,6149,33,,,0,30,,6156,33,,,0,86,,6150,33,,,0,70,,6157,33,,,0,30,,6151,33,,,0,70,,6158,33,,,0,30,,6163,33,,,0,70,,6164,33,,,0
700,'100017',821,,6165,33,,,0,100,,6166,33,,,0,100,,6167,33,,,0,100,,6168,33,,,0,100,,6169,33,,,0,115,,6170,33,,,0,100,,6171,33,,,0,100,,6172,33,,,0,115,,6173,33,,,0,100,,6174,33,,,0,100,,6175,33,,,0
1000900,'100014',544,,6556,26,,,0,70,,6557,26,,,0,30,,6558,26,,,0,70,,6559,26,,,0,30,,6560,26,,,0,70,,6561,26,,,0,22,,6562,26,,,0,68,,6563,26,,,0,35,,6564,26,,,0,20,,6565,26,,,0,70,,6566,26,,,0,30,,6567,26,,,0,70,,6568,26,,,0,30,,6569,26,,,0,70,,6570,26,,,0,30,,6571,26,,,0,70,,6572,26,,,0,30,,6573,26,,,0,73,,6574,26,,,0,70,,6575,26,,,0,34,,6576,26,,,0,64,,6577,26,,,0,32,,6578,26,,,0,70,,6579,26,,,0,18,,6580,26,,,0,85,,6549,26,,,0,30,,6550,26,,,0,70,,6553,26,,,0,30,,6546,26,,,0,67,,6548,26,,,0,44,,6554,26,,,0,85,,6552,26,,,0,75,,6551,26,,,0,35,,6555,26,,,0,75,,6547,26,,,0
1000900,'100015',757,,6581,26,,,0,80,,6582,26,,,0,80,,6583,26,,,0,40,,6584,26,,,0,80,,6585,26,,,0,80,,6586,26,,,0,40,,6587,26,,,0,85,,6588,26,,,0,80,,6589,26,,,0,81,,6590,26,,,0,40,,6591,26,,,0,80,,6592,26,,,0,80,,6593,26,,,0,40,,6594,26,,,0,85,,6595,26,,,0,80,,6596,26,,,0,40,,6597,26,,,0,80,,6598,26,,,0
1000900,'100016',544,,6609,26,,,0,70,,6610,26,,,0,30,,6611,26,,,0,70,,6612,26,,,0,30,,6613,26,,,0,70,,6614,26,,,0,22,,6615,26,,,0,68,,6616,26,,,0,35,,6617,26,,,0,20,,6618,26,,,0,70,,6619,26,,,0,30,,6620,26,,,0,70,,6621,26,,,0,30,,6622,26,,,0,70,,6623,26,,,0,30,,6624,26,,,0,70,,6625,26,,,0,30,,6626,26,,,0,73,,6627,26,,,0,70,,6628,26,,,0,34,,6629,26,,,0,64,,6630,26,,,0,32,,6631,26,,,0,70,,6632,26,,,0,18,,6633,26,,,0,85,,6602,26,,,0,30,,6603,26,,,0,70,,6606,26,,,0,30,,6599,26,,,0,67,,6601,26,,,0,44,,6607,26,,,0,85,,6605,26,,,0,75,,6604,26,,,0,35,,6608,26,,,0,75,,6600,26,,,0
1000900,'100017',757,,6634,26,,,0,80,,6635,26,,,0,80,,6636,26,,,0,40,,6637,26,,,0,80,,6638,26,,,0,80,,6639,26,,,0,40,,6640,26,,,0,85,,6641,26,,,0,80,,6642,26,,,0,81,,6643,26,,,0,40,,6644,26,,,0,80,,6645,26,,,0,80,,6646,26,,,0,40,,6647,26,,,0,85,,6648,26,,,0,80,,6649,26,,,0,40,,6650,26,,,0,80,,6651,26,,,0
2000900,'100014',609,,6652,24,,,0,20,,6653,24,,,0,30,,6654,24,,,0,70,,6655,24,,,0,30,,6656,24,,,0,60,,6657,24,,,0,40,,6658,24,,,0,62,,6683,24,,,0,28,,6659,24,,,0,70,,6660,24,,,0,20,,6661,24,,,0,70,,6662,24,,,0,30,,6663,24,,,0,70,,6664,24,,,0,30,,6665,24,,,0,70,,6666,24,,,0,30,,6667,24,,,0,70,,6668,24,,,0,32,,6669,24,,,0,71,,6670,24,,,0,30,,6671,24,,,0,74,,6672,24,,,0,24,,6673,24,,,0,72,,6674,24,,,0,38,,6675,24,,,0,70,,6676,24,,,0,30,,6677,24,,,0,70,,6678,24,,,0,30,,6679,24,,,0,65,,6680,24,,,0,32,,6681,24,,,0,74,,6682,24,,,0,85,,6684,24,,,0,35,,6685,24,,,0,76,,6686,24,,,0
2000900,'100015',819,,6687,24,,,0,40,,6688,24,,,0,80,,6689,24,,,0,80,,6690,24,,,0,40,,6691,24,,,0,80,,6692,24,,,0,79,,6693,24,,,0,40,,6694,24,,,0,85,,6695,24,,,0,80,,6696,24,,,0,81,,6697,24,,,0,40,,6698,24,,,0,85,,6699,24,,,0,80,,6700,24,,,0,40,,6701,24,,,0,80,,6702,24,,,0,80,,6703,24,,,0
2000900,'100016',609,,6704,24,,,0,20,,6705,24,,,0,30,,6706,24,,,0,70,,6707,24,,,0,30,,6708,24,,,0,60,,6709,24,,,0,40,,6710,24,,,0,62,,6735,24,,,0,28,,6711,24,,,0,70,,6712,24,,,0,20,,6713,24,,,0,70,,6714,24,,,0,30,,6715,24,,,0,70,,6716,24,,,0,30,,6717,24,,,0,70,,6718,24,,,0,30,,6719,24,,,0,70,,6720,24,,,0,32,,6721,24,,,0,71,,6722,24,,,0,30,,6723,24,,,0,74,,6724,24,,,0,24,,6725,24,,,0,72,,6726,24,,,0,38,,6727,24,,,0,70,,6728,24,,,0,30,,6729,24,,,0,70,,6730,24,,,0,30,,6731,24,,,0,65,,6732,24,,,0,32,,6733,24,,,0,74,,6734,24,,,0,85,,6736,24,,,0,35,,6737,24,,,0,76,,6738,24,,,0
2000900,'100017',819,,6739,24,,,0,40,,6740,24,,,0,80,,6741,24,,,0,80,,6742,24,,,0,40,,6743,24,,,0,80,,6744,24,,,0,79,,6745,24,,,0,40,,6746,24,,,0,85,,6747,24,,,0,80,,6748,24,,,0,81,,6749,24,,,0,40,,6750,24,,,0,85,,6751,24,,,0,80,,6752,24,,,0,40,,6753,24,,,0,80,,6754,24,,,0,80,,6755,24,,,0
