500,'100013',612,,5906,40,,,0,30,,5922,40,,,0,70,,5907,40,,,0,30,,5923,40,,,0,70,,5908,40,,,0,40,,5909,40,,,0,70,,5931,40,,,0,30,,5910,40,,,0,70,,5934,40,,,0,30,,5911,40,,,0,70,,5933,40,,,0,30,,5912,40,,,0,70,,5935,40,,,0,82,,5913,40,,,0,35,,5932,40,,,0,75,,5914,40,,,0,35,,5924,40,,,0,75,,5915,40,,,0,35,,5925,40,,,0,75,,5916,40,,,0,80,,5917,40,,,0,41,,5926,40,,,0,70,,5918,40,,,0,30,,5927,40,,,0,70,,5919,40,,,0,30,,5928,40,,,0,85,,5920,40,,,0,70,,5929,40,,,0,30,,5921,40,,,0,70,,5930,40,,,0,30,,5936,40,,,0,70,,5937,40,,,0
500,'100014',820,,5938,40,,,0,100,,5944,40,,,0,100,,5939,40,,,0,100,,5945,40,,,0,100,,5940,40,,,0,115,,5946,40,,,0,100,,5941,40,,,0,100,,5947,40,,,0,115,,5942,40,,,0,100,,5948,40,,,0,100,,5943,40,,,0
500,'100015',612,,5949,40,,,0,30,,5965,40,,,0,70,,5950,40,,,0,30,,5966,40,,,0,70,,5951,40,,,0,40,,5952,40,,,0,70,,5974,40,,,0,30,,5953,40,,,0,70,,5977,40,,,0,30,,5954,40,,,0,70,,5976,40,,,0,30,,5955,40,,,0,70,,5978,40,,,0,82,,5956,40,,,0,35,,5975,40,,,0,75,,5957,40,,,0,35,,5967,40,,,0,75,,5958,40,,,0,35,,5968,40,,,0,75,,5959,40,,,0,80,,5960,40,,,0,41,,5969,40,,,0,70,,5961,40,,,0,30,,5970,40,,,0,70,,5962,40,,,0,30,,5971,40,,,0,85,,5963,40,,,0,70,,5972,40,,,0,30,,5964,40,,,0,70,,5973,40,,,0,30,,5979,40,,,0,70,,5980,40,,,0
500,'100016',820,,5981,40,,,0,100,,5982,40,,,0,100,,5983,40,,,0,100,,5984,40,,,0,100,,5985,40,,,0,115,,5986,40,,,0,100,,5987,40,,,0,100,,5988,40,,,0,115,,5989,40,,,0,100,,5990,40,,,0,100,,5991,40,,,0
700,'100013',546,,6086,37,,,0,70,,6096,37,,,0,30,,6087,37,,,0,58,,6114,37,,,0,12,,6097,37,,,0,30,,6088,37,,,0,70,,6098,37,,,0,40,,6107,37,,,0,70,,6089,37,,,0,30,,6108,37,,,0,70,,6090,37,,,0,30,,6115,37,,,0,70,,6091,37,,,0,30,,6116,37,,,0,70,,6092,37,,,0,83,,6117,37,,,0,35,,6093,37,,,0,75,,6099,37,,,0,35,,6094,37,,,0,75,,6100,37,,,0,75,,6095,37,,,0,35,,6101,37,,,0,80,,6102,37,,,0,40,,6109,37,,,0,70,,6103,37,,,0,30,,6110,37,,,0,70,,6104,37,,,0,30,,6111,37,,,0,85,,6105,37,,,0,70,,6112,37,,,0,30,,6106,37,,,0,70,,6113,37,,,0,30,,6118,37,,,0,70,,6119,37,,,0
700,'100014',823,,6120,37,,,0,100,,6121,37,,,0,100,,6122,37,,,0,100,,6123,37,,,0,100,,6124,37,,,0,115,,6125,37,,,0,100,,6126,37,,,0,100,,6127,37,,,0,115,,6128,37,,,0,100,,6129,37,,,0,100,,6130,37,,,0
700,'100015',546,,6131,37,,,0,70,,6141,37,,,0,30,,6132,37,,,0,58,,6159,37,,,0,12,,6142,37,,,0,30,,6133,37,,,0,70,,6143,37,,,0,40,,6152,37,,,0,70,,6134,37,,,0,30,,6153,37,,,0,70,,6135,37,,,0,30,,6160,37,,,0,70,,6136,37,,,0,30,,6161,37,,,0,70,,6137,37,,,0,83,,6162,37,,,0,35,,6138,37,,,0,75,,6144,37,,,0,35,,6139,37,,,0,75,,6145,37,,,0,75,,6140,37,,,0,35,,6146,37,,,0,80,,6147,37,,,0,40,,6154,37,,,0,70,,6148,37,,,0,30,,6155,37,,,0,70,,6149,37,,,0,30,,6156,37,,,0,85,,6150,37,,,0,70,,6157,37,,,0,30,,6151,37,,,0,70,,6158,37,,,0,30,,6163,37,,,0,70,,6164,37,,,0
700,'100016',823,,6165,37,,,0,100,,6166,37,,,0,100,,6167,37,,,0,100,,6168,37,,,0,100,,6169,37,,,0,115,,6170,37,,,0,100,,6171,37,,,0,100,,6172,37,,,0,115,,6173,37,,,0,100,,6174,37,,,0,100,,6175,37,,,0
1000900,'100013',545,,6556,30,,,0,70,,6557,30,,,0,30,,6558,30,,,0,70,,6559,30,,,0,30,,6560,30,,,0,70,,6561,30,,,0,22,,6562,30,,,0,68,,6563,30,,,0,35,,6564,30,,,0,60,,6565,30,,,0,30,,6566,30,,,0,70,,6567,30,,,0,30,,6568,30,,,0,70,,6569,30,,,0,30,,6570,30,,,0,70,,6571,30,,,0,30,,6572,30,,,0,70,,6573,30,,,0,34,,6574,30,,,0,70,,6575,30,,,0,34,,6576,30,,,0,64,,6577,30,,,0,32,,6578,30,,,0,70,,6579,30,,,0,18,,6580,30,,,0,85,,6549,30,,,0,30,,6550,30,,,0,70,,6553,30,,,0,30,,6546,30,,,0,67,,6548,30,,,0,43,,6554,30,,,0,85,,6552,30,,,0,75,,6551,30,,,0,35,,6555,30,,,0,75,,6547,30,,,0
1000900,'100014',758,,6581,30,,,0,80,,6582,30,,,0,80,,6583,30,,,0,40,,6584,30,,,0,80,,6585,30,,,0,81,,6586,30,,,0,40,,6587,30,,,0,85,,6588,30,,,0,80,,6589,30,,,0,81,,6590,30,,,0,40,,6591,30,,,0,80,,6592,30,,,0,80,,6593,30,,,0,40,,6594,30,,,0,85,,6595,30,,,0,80,,6596,30,,,0,40,,6597,30,,,0,80,,6598,30,,,0
1000900,'100015',545,,6609,30,,,0,70,,6610,30,,,0,30,,6611,30,,,0,70,,6612,30,,,0,30,,6613,30,,,0,70,,6614,30,,,0,22,,6615,30,,,0,68,,6616,30,,,0,35,,6617,30,,,0,60,,6618,30,,,0,30,,6619,30,,,0,70,,6620,30,,,0,30,,6621,30,,,0,70,,6622,30,,,0,30,,6623,30,,,0,70,,6624,30,,,0,30,,6625,30,,,0,70,,6626,30,,,0,34,,6627,30,,,0,70,,6628,30,,,0,34,,6629,30,,,0,64,,6630,30,,,0,32,,6631,30,,,0,70,,6632,30,,,0,18,,6633,30,,,0,85,,6602,30,,,0,30,,6603,30,,,0,70,,6606,30,,,0,30,,6599,30,,,0,67,,6601,30,,,0,43,,6607,30,,,0,85,,6605,30,,,0,75,,6604,30,,,0,35,,6608,30,,,0,75,,6600,30,,,0
1000900,'100016',758,,6634,30,,,0,80,,6635,30,,,0,80,,6636,30,,,0,40,,6637,30,,,0,80,,6638,30,,,0,81,,6639,30,,,0,40,,6640,30,,,0,85,,6641,30,,,0,80,,6642,30,,,0,81,,6643,30,,,0,40,,6644,30,,,0,80,,6645,30,,,0,80,,6646,30,,,0,40,,6647,30,,,0,85,,6648,30,,,0,80,,6649,30,,,0,40,,6650,30,,,0,80,,6651,30,,,0
2000900,'100013',610,,6652,28,,,0,20,,6653,28,,,0,70,,6654,28,,,0,30,,6655,28,,,0,70,,6656,28,,,0,20,,6657,28,,,0,80,,6658,28,,,0,22,,6683,28,,,0,28,,6659,28,,,0,70,,6660,28,,,0,20,,6661,28,,,0,70,,6662,28,,,0,30,,6663,28,,,0,70,,6664,28,,,0,30,,6665,28,,,0,70,,6666,28,,,0,30,,6667,28,,,0,70,,6668,28,,,0,33,,6669,28,,,0,71,,6670,28,,,0,30,,6671,28,,,0,74,,6672,28,,,0,24,,6673,28,,,0,72,,6674,28,,,0,38,,6675,28,,,0,70,,6676,28,,,0,30,,6677,28,,,0,70,,6678,28,,,0,30,,6679,28,,,0,65,,6680,28,,,0,31,,6681,28,,,0,74,,6682,28,,,0,85,,6684,28,,,0,35,,6685,28,,,0,76,,6686,28,,,0
2000900,'100014',820,,6687,28,,,0,80,,6688,28,,,0,40,,6689,28,,,0,80,,6690,28,,,0,80,,6691,28,,,0,40,,6692,28,,,0,80,,6693,28,,,0,80,,6694,28,,,0,45,,6695,28,,,0,80,,6696,28,,,0,81,,6697,28,,,0,40,,6698,28,,,0,85,,6699,28,,,0,80,,6700,28,,,0,40,,6701,28,,,0,80,,6702,28,,,0,80,,6703,28,,,0
2000900,'100015',610,,6704,28,,,0,20,,6705,28,,,0,70,,6706,28,,,0,30,,6707,28,,,0,70,,6708,28,,,0,20,,6709,28,,,0,80,,6710,28,,,0,22,,6735,28,,,0,28,,6711,28,,,0,70,,6712,28,,,0,20,,6713,28,,,0,70,,6714,28,,,0,30,,6715,28,,,0,70,,6716,28,,,0,30,,6717,28,,,0,70,,6718,28,,,0,30,,6719,28,,,0,70,,6720,28,,,0,33,,6721,28,,,0,71,,6722,28,,,0,30,,6723,28,,,0,74,,6724,28,,,0,24,,6725,28,,,0,72,,6726,28,,,0,38,,6727,28,,,0,70,,6728,28,,,0,30,,6729,28,,,0,70,,6730,28,,,0,30,,6731,28,,,0,65,,6732,28,,,0,31,,6733,28,,,0,74,,6734,28,,,0,85,,6736,28,,,0,35,,6737,28,,,0,76,,6738,28,,,0
2000900,'100016',820,,6739,28,,,0,80,,6740,28,,,0,40,,6741,28,,,0,80,,6742,28,,,0,80,,6743,28,,,0,40,,6744,28,,,0,80,,6745,28,,,0,80,,6746,28,,,0,45,,6747,28,,,0,80,,6748,28,,,0,81,,6749,28,,,0,40,,6750,28,,,0,85,,6751,28,,,0,80,,6752,28,,,0,40,,6753,28,,,0,80,,6754,28,,,0,80,,6755,28,,,0
