200,'100013',555,,5360,30,,,0,70,,5369,30,,,0,30,,5361,30,,,0,70,,5370,30,,,0,30,,5362,30,,,0,80,,5371,30,,,0,70,,5363,30,,,0,30,,5372,30,,,0,70,,5364,30,,,0,30,,5373,30,,,0,70,,5365,30,,,0,30,,5374,30,,,0,70,,5366,30,,,0,39,,5393,6,,,0,75,,5367,30,,,0,35,,5376,30,,,0,75,,5368,30,,,0,75,,5377,30,,,0,35,,5385,30,,,0,75,,5378,30,,,0,35,,5386,30,,,0,89,,5379,30,,,0,71,,5380,30,,,0,30,,5387,30,,,0,70,,5381,30,,,0,30,,5388,30,,,0,85,,5382,30,,,0,30,,5389,30,,,0,70,,5383,30,,,0,30,,5390,30,,,0,70,,5384,30,,,0,30,,5391,30,,,0,70,,5392,30,,,0
200,'100014',733,,5415,30,,,0,70,,5414,30,,,0,30,,5395,30,,,0,70,,5394,30,,,0,30,,5396,30,,,0,70,,5397,30,,,0,30,,5398,30,,,0,70,,5399,30,,,0,30,,5400,30,,,0,70,,5401,30,,,0,45,,5419,6,,,0,70,,5402,30,,,0,30,,5403,30,,,0,70,,5404,30,,,0,30,,5405,30,,,0,70,,5406,30,,,0,30,,5407,30,,,0,85,,5417,6,,,0,70,,5408,30,,,0,30,,5409,30,,,0,70,,5410,30,,,0,30,,5411,30,,,0,70,,5412,30,,,0,30,,5413,30,,,0
200,'100015',555,,5420,30,,,0,70,,5429,30,,,0,30,,5421,30,,,0,70,,5430,30,,,0,30,,5422,30,,,0,80,,5431,30,,,0,70,,5423,30,,,0,30,,5432,30,,,0,70,,5424,30,,,0,30,,5433,30,,,0,70,,5425,30,,,0,30,,5434,30,,,0,70,,5426,30,,,0,39,,5453,6,,,0,75,,5427,30,,,0,35,,5436,30,,,0,75,,5428,30,,,0,75,,5437,30,,,0,35,,5445,30,,,0,75,,5438,30,,,0,35,,5446,30,,,0,89,,5439,30,,,0,71,,5440,30,,,0,30,,5447,30,,,0,70,,5441,30,,,0,30,,5448,30,,,0,85,,5442,30,,,0,30,,5449,30,,,0,70,,5443,30,,,0,30,,5450,30,,,0,70,,5444,30,,,0,30,,5451,30,,,0,70,,5452,30,,,0
200,'100016',733,,5476,30,,,0,70,,5454,30,,,0,30,,5455,30,,,0,70,,5456,30,,,0,30,,5457,30,,,0,70,,5458,30,,,0,30,,5459,30,,,0,70,,5460,30,,,0,30,,5461,30,,,0,70,,5462,30,,,0,45,,5477,6,,,0,70,,5464,30,,,0,30,,5465,30,,,0,70,,5466,30,,,0,30,,5467,30,,,0,70,,5468,30,,,0,30,,5469,30,,,0,85,,5478,6,,,0,70,,5471,30,,,0,30,,5472,30,,,0,70,,5473,30,,,0,30,,5474,30,,,0,70,,5475,30,,,0,30,,5470,30,,,0
2101,'100013',556,,6377,6,,,0,73,,6364,6,,,0,77,,6378,6,,,0,35,,6365,6,,,0,74,,6379,6,,,0,36,,6366,6,,,0,75,,6380,6,,,0,75,,6367,6,,,0,35,,6381,6,,,0,75,,6368,6,,,0,35,,6382,6,,,0,75,,6369,6,,,0,35,,6383,6,,,0,75,,6370,6,,,0,75,,6384,6,,,0,35,,6371,6,,,0,75,,6385,6,,,0,35,,6372,6,,,0,75,,6386,6,,,0,80,,6373,6,,,0,35,,6387,6,,,0,75,,6374,6,,,0,37,,6388,6,,,0,73,,6375,6,,,0,79,,6389,6,,,0,48,,6376,6,,,0,70,,6390,6,,,0,30,,6393,6,,,0,70,,6392,6,,,0,30,,6391,6,,,0
2101,'100014',734,,6401,6,,,0,75,,6394,6,,,0,35,,6402,6,,,0,75,,6395,6,,,0,35,,6412,6,,,0,75,,6410,6,,,0,75,,6403,6,,,0,36,,6396,6,,,0,74,,6404,6,,,0,35,,6397,6,,,0,75,,6405,6,,,0,35,,6398,6,,,0,75,,6406,6,,,0,75,,6399,6,,,0,35,,6413,6,,,0,75,,6409,6,,,0,35,,6407,6,,,0,80,,6400,6,,,0,75,,6408,6,,,0,35,,6411,6,,,0
2101,'100015',556,,6427,6,,,0,73,,6414,6,,,0,77,,6428,6,,,0,35,,6415,6,,,0,74,,6429,6,,,0,36,,6416,6,,,0,75,,6430,6,,,0,75,,6417,6,,,0,35,,6431,6,,,0,75,,6418,6,,,0,35,,6432,6,,,0,75,,6419,6,,,0,35,,6433,6,,,0,75,,6420,6,,,0,75,,6434,6,,,0,35,,6421,6,,,0,75,,6435,6,,,0,35,,6422,6,,,0,75,,6436,6,,,0,80,,6423,6,,,0,35,,6437,6,,,0,75,,6424,6,,,0,37,,6438,6,,,0,73,,6425,6,,,0,79,,6439,6,,,0,48,,6426,6,,,0,70,,6440,6,,,0,30,,6443,6,,,0,70,,6442,6,,,0,30,,6441,6,,,0
2101,'100016',734,,6444,6,,,0,75,,6445,6,,,0,35,,6446,6,,,0,75,,6447,6,,,0,35,,6448,6,,,0,75,,6449,6,,,0,75,,6450,6,,,0,35,,6451,6,,,0,75,,6452,6,,,0,35,,6453,6,,,0,75,,6454,6,,,0,35,,6455,6,,,0,75,,6456,6,,,0,75,,6457,6,,,0,35,,6458,6,,,0,75,,6459,6,,,0,35,,6460,6,,,0,80,,6461,6,,,0,75,,6462,6,,,0,35,,6463,6,,,0
3101,'100013',524,,6496,6,0,41 42 2 5 6,0,30,,6497,6,0,41 42 2 5 6,0,70,,6498,6,0,41 42 2 5 6,0,30,,6499,6,0,41 42 2 5 6,0,70,,6500,6,0,41 42 2 5 6,0,30,,6501,6,0,41 42 2 5 6,0,70,,6502,6,0,41 42 2 5 6,0,30,,6503,6,0,41 42 2 5 6,0,574,,6504,6,0,41 42 2 5 6,0,75,,6505,6,0,41 42 2 5 6,0,35,,6506,6,0,41 42 2 5 6,0,75,,6507,6,0,41 42 2 5 6,0,40,,6508,6,0,41 42 2 5 6,0,84,,6509,6,0,41 42 2 5 6,0,70,,6510,6,0,41 42 2 5 6,0,30,,6511,6,0,41 42 2 5 6,0
3101,'100015',524,,6512,6,0,41 42 2 5 6,0,30,,6513,6,0,41 42 2 5 6,0,70,,6514,6,0,41 42 2 5 6,0,30,,6515,6,0,41 42 2 5 6,0,70,,6516,6,0,41 42 2 5 6,0,30,,6517,6,0,41 42 2 5 6,0,70,,6518,6,0,41 42 2 5 6,0,30,,6519,6,0,41 42 2 5 6,0,574,,6520,6,0,41 42 2 5 6,0,75,,6521,6,0,41 42 2 5 6,0,35,,6522,6,0,41 42 2 5 6,0,75,,6523,6,0,41 42 2 5 6,0,40,,6524,6,0,41 42 2 5 6,0,84,,6525,6,0,41 42 2 5 6,0,70,,6526,6,0,41 42 2 5 6,0,30,,6527,6,0,41 42 2 5 6,0
