100,'100013',609,,5150,23,,,0,30,,5155,23,,,0,70,,5151,23,,,0,30,,5168,23,,,0,70,,5152,23,,,0,30,,5156,23,,,0,80,,5153,23,,,0,28,,5169,23,,,0,70,,5154,23,,,0,30,,5157,23,,,0,70,,5166,23,,,0,30,,5170,23,,,0,70,,5167,23,,,0,31,,5158,23,,,0,70,,5165,23,,,0,30,,5171,23,,,0,70,,5159,23,,,0,40,,5180,23,,,0,59,,5173,23,,,0,39,,5179,23,,,0,70,,5172,23,,,0,30,,5178,23,,,0,70,,5160,23,,,0,28,,5177,23,,,0,70,,5161,23,,,0,30,,5176,23,,,0,70,,5162,23,,,0,30,,5175,23,,,0,80,,5163,23,,,0,70,,5174,23,,,0,30,,5164,23,,,0,70,,5182,23,,,0,29,,5181,23,,,0,69,,5183,23,,,0
100,'100014',817,,5197,23,,,0,30,,5184,23,,,0,70,,5207,23,,,0,30,,5185,23,,,0,70,,5198,23,,,0,30,,5186,23,,,0,70,,5199,23,,,0,30,,5188,23,,,0,70,,5200,23,,,0,30,,5187,23,,,0,70,,5201,23,,,0,30,,5189,23,,,0,70,,5202,23,,,0,30,,5190,23,,,0,70,,5203,23,,,0,30,,5191,23,,,0,70,,5204,23,,,0,30,,5192,23,,,0,70,,5205,23,,,0,30,,5193,23,,,0,70,,5206,23,,,0,30,,5194,23,,,0,70,,5196,23,,,0,30,,5195,23,,,0
100,'100015',609,,5208,23,,,0,30,,5213,23,,,0,70,,5209,23,,,0,30,,5226,23,,,0,70,,5210,23,,,0,30,,5214,23,,,0,80,,5211,23,,,0,28,,5227,23,,,0,70,,5212,23,,,0,30,,5215,23,,,0,70,,5224,23,,,0,30,,5228,23,,,0,70,,5225,23,,,0,31,,5216,23,,,0,70,,5223,23,,,0,30,,5229,23,,,0,70,,5217,23,,,0,40,,5238,23,,,0,59,,5231,23,,,0,39,,5237,23,,,0,70,,5230,23,,,0,30,,5236,23,,,0,70,,5218,23,,,0,28,,5235,23,,,0,70,,5219,23,,,0,30,,5234,23,,,0,70,,5220,23,,,0,30,,5233,23,,,0,80,,5221,23,,,0,70,,5232,23,,,0,30,,5222,23,,,0,70,,5240,23,,,0,29,,5239,23,,,0,69,,5241,23,,,0
100,'100016',847,,5242,23,,,0,100,,5243,23,,,0,100,,5244,23,,,0,100,,5245,23,,,0,100,,5246,23,,,0,100,,5247,23,,,0,100,,5248,23,,,0,100,,5249,23,,,0,100,,5250,23,,,0,100,,5251,23,,,0,100,,5252,23,,,0,100,,5253,23,,,0
200,'100013',546,,5360,22,,,0,70,,5369,22,,,0,30,,5361,22,,,0,70,,5370,22,,,0,30,,5362,22,,,0,70,,5371,22,,,0,40,,5363,22,,,0,70,,5372,22,,,0,30,,5364,22,,,0,70,,5373,22,,,0,30,,5365,22,,,0,70,,5374,22,,,0,30,,5366,22,,,0,70,,5375,22,,,0,83,,5367,22,,,0,35,,5376,22,,,0,75,,5368,22,,,0,35,,5377,22,,,0,75,,5385,22,,,0,75,,5378,22,,,0,35,,5386,22,,,0,80,,5379,22,,,0,40,,5380,22,,,0,70,,5387,22,,,0,30,,5381,22,,,0,70,,5388,22,,,0,30,,5382,22,,,0,85,,5389,22,,,0,70,,5383,22,,,0,30,,5390,22,,,0,70,,5384,22,,,0,30,,5391,22,,,0,70,,5392,22,,,0
200,'100014',724,,5415,22,,,0,30,,5414,22,,,0,70,,5395,22,,,0,30,,5394,22,,,0,70,,5396,22,,,0,30,,5397,22,,,0,70,,5398,22,,,0,30,,5399,22,,,0,70,,5400,22,,,0,30,,5401,22,,,0,70,,5418,22,,,0,85,,5402,22,,,0,30,,5403,22,,,0,70,,5404,22,,,0,30,,5405,22,,,0,70,,5406,22,,,0,30,,5407,22,,,0,70,,5416,22,,,0,45,,5408,22,,,0,70,,5409,22,,,0,30,,5410,22,,,0,70,,5411,22,,,0,30,,5412,22,,,0,70,,5413,22,,,0
200,'100015',546,,5420,22,,,0,70,,5429,22,,,0,30,,5421,22,,,0,70,,5430,22,,,0,30,,5422,22,,,0,70,,5431,22,,,0,40,,5423,22,,,0,70,,5432,22,,,0,30,,5424,22,,,0,70,,5433,22,,,0,30,,5425,22,,,0,70,,5434,22,,,0,30,,5426,22,,,0,70,,5435,22,,,0,83,,5427,22,,,0,35,,5436,22,,,0,75,,5428,22,,,0,35,,5437,22,,,0,75,,5445,22,,,0,75,,5438,22,,,0,35,,5446,22,,,0,80,,5439,22,,,0,40,,5440,22,,,0,70,,5447,22,,,0,30,,5441,22,,,0,70,,5448,22,,,0,30,,5442,22,,,0,85,,5449,22,,,0,70,,5443,22,,,0,30,,5450,22,,,0,70,,5444,22,,,0,30,,5451,22,,,0,70,,5452,22,,,0
200,'100016',724,,5476,22,,,0,30,,5454,22,,,0,70,,5455,22,,,0,30,,5456,22,,,0,70,,5457,22,,,0,30,,5458,22,,,0,70,,5459,22,,,0,30,,5460,22,,,0,70,,5461,22,,,0,30,,5462,22,,,0,70,,5463,22,,,0,85,,5464,22,,,0,30,,5465,22,,,0,70,,5466,22,,,0,30,,5467,22,,,0,70,,5468,22,,,0,30,,5469,22,,,0,70,,5479,22,,,0,45,,5471,22,,,0,70,,5472,22,,,0,30,,5473,22,,,0,70,,5474,22,,,0,30,,5475,22,,,0,70,,5470,22,,,0
600,'100013',547,,6002,36,,,0,70,,5992,36,,,0,18,,6020,36,,,0,12,,6003,36,,,0,70,,5993,36,,,0,18,,6021,36,,,0,12,,6004,36,,,0,70,,5994,36,,,0,39,,5995,36,,,0,70,,6012,36,,,0,30,,5996,36,,,0,70,,6013,36,,,0,30,,5997,36,,,0,70,,6022,36,,,0,30,,5998,36,,,0,70,,6023,36,,,0,83,,5999,36,,,0,35,,6024,36,,,0,75,,6000,36,,,0,35,,6005,36,,,0,75,,6001,36,,,0,75,,6014,36,,,0,35,,6006,36,,,0,80,,6015,36,,,0,81,,6007,36,,,0,30,,6016,36,,,0,70,,6008,36,,,0,30,,6017,36,,,0,70,,6009,36,,,0,45,,6018,36,,,0,70,,6010,36,,,0,30,,6019,36,,,0,70,,6011,36,,,0,30,,6026,36,,,0,70,,6025,36,,,0
600,'100014',755,,6035,36,,,0,100,,6036,36,,,0,100,,6038,36,,,0,100,,6027,36,,,0,100,,6037,36,,,0,155,,6031,36,,,0,100,,6028,36,,,0,100,,6032,36,,,0,100,,6029,36,,,0,115,,6033,36,,,0,100,,6030,36,,,0,100,,6034,36,,,0
600,'100015',547,,6049,36,,,0,70,,6039,36,,,0,18,,6067,36,,,0,12,,6050,36,,,0,70,,6040,36,,,0,18,,6068,36,,,0,12,,6051,36,,,0,70,,6041,36,,,0,39,,6042,36,,,0,70,,6059,36,,,0,30,,6043,36,,,0,70,,6060,36,,,0,30,,6044,36,,,0,70,,6069,36,,,0,30,,6045,36,,,0,70,,6070,36,,,0,83,,6046,36,,,0,35,,6071,36,,,0,75,,6047,36,,,0,35,,6052,36,,,0,75,,6048,36,,,0,75,,6061,36,,,0,35,,6053,36,,,0,80,,6062,36,,,0,81,,6054,36,,,0,30,,6063,36,,,0,70,,6055,36,,,0,30,,6064,36,,,0,70,,6056,36,,,0,45,,6065,36,,,0,70,,6057,36,,,0,30,,6066,36,,,0,70,,6058,36,,,0,30,,6073,36,,,0,70,,6072,36,,,0
600,'100016',755,,6081,36,,,0,100,,6082,36,,,0,100,,6083,36,,,0,100,,6084,36,,,0,100,,6085,36,,,0,155,,6077,36,,,0,100,,6076,36,,,0,100,,6075,36,,,0,100,,6074,36,,,0,115,,6079,36,,,0,100,,6078,36,,,0,100,,6080,36,,,0
700,'100013',547,,6086,41,,,0,70,,6096,41,,,0,30,,6087,41,,,0,58,,6114,41,,,0,12,,6097,41,,,0,30,,6088,41,,,0,70,,6098,41,,,0,40,,6107,41,,,0,70,,6089,41,,,0,30,,6108,41,,,0,70,,6090,41,,,0,30,,6115,41,,,0,70,,6091,41,,,0,30,,6116,41,,,0,70,,6092,41,,,0,83,,6117,41,,,0,35,,6093,41,,,0,75,,6099,41,,,0,35,,6094,41,,,0,75,,6100,41,,,0,75,,6095,41,,,0,35,,6101,41,,,0,80,,6102,41,,,0,80,,6109,41,,,0,30,,6103,41,,,0,70,,6110,41,,,0,30,,6104,41,,,0,70,,6111,41,,,0,46,,6105,41,,,0,70,,6112,41,,,0,30,,6106,41,,,0,70,,6113,41,,,0,30,,6118,41,,,0,70,,6119,41,,,0
700,'100014',825,,6120,41,,,0,100,,6121,41,,,0,100,,6122,41,,,0,100,,6123,41,,,0,100,,6124,41,,,0,115,,6125,41,,,0,100,,6126,41,,,0,100,,6127,41,,,0,115,,6128,41,,,0,100,,6129,41,,,0,100,,6130,41,,,0
700,'100015',547,,6131,41,,,0,70,,6141,41,,,0,30,,6132,41,,,0,58,,6159,41,,,0,12,,6142,41,,,0,30,,6133,41,,,0,70,,6143,41,,,0,40,,6152,41,,,0,70,,6134,41,,,0,30,,6153,41,,,0,70,,6135,41,,,0,30,,6160,41,,,0,70,,6136,41,,,0,30,,6161,41,,,0,70,,6137,41,,,0,83,,6162,41,,,0,35,,6138,41,,,0,75,,6144,41,,,0,35,,6139,41,,,0,75,,6145,41,,,0,75,,6140,41,,,0,35,,6146,41,,,0,80,,6147,41,,,0,80,,6154,41,,,0,30,,6148,41,,,0,70,,6155,41,,,0,30,,6149,41,,,0,70,,6156,41,,,0,46,,6150,41,,,0,70,,6157,41,,,0,30,,6151,41,,,0,70,,6158,41,,,0,30,,6163,41,,,0,70,,6164,41,,,0
700,'100016',825,,6165,41,,,0,100,,6166,41,,,0,100,,6167,41,,,0,100,,6168,41,,,0,100,,6169,41,,,0,115,,6170,41,,,0,100,,6171,41,,,0,100,,6172,41,,,0,115,,6173,41,,,0,100,,6174,41,,,0,100,,6175,41,,,0
1000900,'100013',547,,6556,34,,,0,70,,6557,34,,,0,30,,6558,34,,,0,70,,6559,34,,,0,30,,6560,34,,,0,70,,6561,34,,,0,22,,6562,34,,,0,68,,6563,34,,,0,35,,6564,34,,,0,60,,6565,34,,,0,30,,6566,34,,,0,70,,6567,34,,,0,30,,6568,34,,,0,70,,6569,34,,,0,30,,6570,34,,,0,70,,6571,34,,,0,30,,6572,34,,,0,70,,6573,34,,,0,34,,6574,34,,,0,70,,6575,34,,,0,34,,6576,34,,,0,64,,6577,34,,,0,32,,6578,34,,,0,70,,6579,34,,,0,18,,6580,34,,,0,85,,6549,34,,,0,30,,6550,34,,,0,70,,6553,34,,,0,30,,6546,34,,,0,67,,6548,34,,,0,43,,6554,34,,,0,85,,6552,34,,,0,75,,6551,34,,,0,35,,6555,34,,,0,75,,6547,34,,,0
1000900,'100014',800,,6581,34,,,0,40,,6582,34,,,0,80,,6583,34,,,0,80,,6584,34,,,0,40,,6585,34,,,0,81,,6586,34,,,0,80,,6587,34,,,0,45,,6588,34,,,0,80,,6589,34,,,0,81,,6590,34,,,0,40,,6591,34,,,0,80,,6592,34,,,0,80,,6593,34,,,0,40,,6594,34,,,0,85,,6595,34,,,0,80,,6596,34,,,0,40,,6597,34,,,0,80,,6598,34,,,0
1000900,'100015',547,,6609,34,,,0,70,,6610,34,,,0,30,,6611,34,,,0,70,,6612,34,,,0,30,,6613,34,,,0,70,,6614,34,,,0,22,,6615,34,,,0,68,,6616,34,,,0,35,,6617,34,,,0,60,,6618,34,,,0,30,,6619,34,,,0,70,,6620,34,,,0,30,,6621,34,,,0,70,,6622,34,,,0,30,,6623,34,,,0,70,,6624,34,,,0,30,,6625,34,,,0,70,,6626,34,,,0,34,,6627,34,,,0,70,,6628,34,,,0,34,,6629,34,,,0,64,,6630,34,,,0,32,,6631,34,,,0,70,,6632,34,,,0,18,,6633,34,,,0,85,,6602,34,,,0,30,,6603,34,,,0,70,,6606,34,,,0,30,,6599,34,,,0,67,,6601,34,,,0,43,,6607,34,,,0,85,,6605,34,,,0,75,,6604,34,,,0,35,,6608,34,,,0,75,,6600,34,,,0
1000900,'100016',800,,6634,34,,,0,40,,6635,34,,,0,80,,6636,34,,,0,80,,6637,34,,,0,40,,6638,34,,,0,81,,6639,34,,,0,80,,6640,34,,,0,45,,6641,34,,,0,80,,6642,34,,,0,81,,6643,34,,,0,40,,6644,34,,,0,80,,6645,34,,,0,80,,6646,34,,,0,40,,6647,34,,,0,85,,6648,34,,,0,80,,6649,34,,,0,40,,6650,34,,,0,80,,6651,34,,,0
2000900,'100013',612,,6652,32,,,0,20,,6653,32,,,0,70,,6654,32,,,0,30,,6655,32,,,0,70,,6656,32,,,0,20,,6657,32,,,0,80,,6658,32,,,0,22,,6683,32,,,0,28,,6659,32,,,0,70,,6660,32,,,0,20,,6661,32,,,0,70,,6662,32,,,0,30,,6663,32,,,0,70,,6664,32,,,0,30,,6665,32,,,0,70,,6666,32,,,0,30,,6667,32,,,0,70,,6668,32,,,0,33,,6669,32,,,0,71,,6670,32,,,0,30,,6671,32,,,0,74,,6672,32,,,0,24,,6673,32,,,0,72,,6674,32,,,0,38,,6675,32,,,0,70,,6676,32,,,0,30,,6677,32,,,0,70,,6678,32,,,0,30,,6679,32,,,0,65,,6680,32,,,0,31,,6681,32,,,0,74,,6682,32,,,0,85,,6684,32,,,0,35,,6685,32,,,0,76,,6686,32,,,0
2000900,'100014',822,,6687,32,,,0,80,,6688,32,,,0,40,,6689,32,,,0,80,,6690,32,,,0,80,,6691,32,,,0,40,,6692,32,,,0,80,,6693,32,,,0,80,,6694,32,,,0,45,,6695,32,,,0,80,,6696,32,,,0,81,,6697,32,,,0,40,,6698,32,,,0,85,,6699,32,,,0,80,,6700,32,,,0,40,,6701,32,,,0,80,,6702,32,,,0,80,,6703,32,,,0
2000900,'100015',612,,6704,32,,,0,20,,6705,32,,,0,70,,6706,32,,,0,30,,6707,32,,,0,70,,6708,32,,,0,20,,6709,32,,,0,80,,6710,32,,,0,22,,6735,32,,,0,28,,6711,32,,,0,70,,6712,32,,,0,20,,6713,32,,,0,70,,6714,32,,,0,30,,6715,32,,,0,70,,6716,32,,,0,30,,6717,32,,,0,70,,6718,32,,,0,30,,6719,32,,,0,70,,6720,32,,,0,33,,6721,32,,,0,71,,6722,32,,,0,30,,6723,32,,,0,74,,6724,32,,,0,24,,6725,32,,,0,72,,6726,32,,,0,38,,6727,32,,,0,70,,6728,32,,,0,30,,6729,32,,,0,70,,6730,32,,,0,30,,6731,32,,,0,65,,6732,32,,,0,31,,6733,32,,,0,74,,6734,32,,,0,85,,6736,32,,,0,35,,6737,32,,,0,76,,6738,32,,,0
2000900,'100016',822,,6739,32,,,0,80,,6740,32,,,0,40,,6741,32,,,0,80,,6742,32,,,0,80,,6743,32,,,0,40,,6744,32,,,0,80,,6745,32,,,0,80,,6746,32,,,0,45,,6747,32,,,0,80,,6748,32,,,0,81,,6749,32,,,0,40,,6750,32,,,0,85,,6751,32,,,0,80,,6752,32,,,0,40,,6753,32,,,0,80,,6754,32,,,0,80,,6755,32,,,0
