700,'100013',531,,6086,15,,,0,70,,6096,15,,,0,30,,6087,15,,,0,18,,6114,15,,,0,52,,6097,15,,,0,30,,6088,15,,,0,70,,6098,15,,,0,40,,6107,15,,,0,70,,6089,15,,,0,30,,6108,15,,,0,70,,6090,15,,,0,30,,6115,15,,,0,70,,6091,15,,,0,30,,6116,15,,,0,70,,6092,15,,,0,41,,6117,15,,,0,75,,6093,15,,,0,75,,6099,15,,,0,35,,6094,15,,,0,75,,6100,15,,,0,35,,6095,15,,,0,75,,6101,15,,,0,80,,6102,15,,,0,42,,6109,15,,,0,70,,6103,15,,,0,30,,6110,15,,,0,70,,6104,15,,,0,30,,6111,15,,,0,86,,6105,15,,,0,70,,6112,15,,,0,30,,6106,15,,,0,70,,6113,15,,,0,30,,6118,15,,,0,70,,6119,15,,,0
700,'100014',809,,6120,15,,,0,100,,6121,15,,,0,100,,6122,15,,,0,100,,6123,15,,,0,100,,6124,15,,,0,115,,6125,15,,,0,100,,6126,15,,,0,100,,6127,15,,,0,115,,6128,15,,,0,100,,6129,15,,,0,100,,6130,15,,,0
700,'100015',531,,6131,15,,,0,70,,6141,15,,,0,30,,6132,15,,,0,18,,6159,15,,,0,52,,6142,15,,,0,30,,6133,15,,,0,70,,6143,15,,,0,40,,6152,15,,,0,70,,6134,15,,,0,30,,6153,15,,,0,70,,6135,15,,,0,30,,6160,15,,,0,70,,6136,15,,,0,30,,6161,15,,,0,70,,6137,15,,,0,41,,6162,15,,,0,75,,6138,15,,,0,75,,6144,15,,,0,35,,6139,15,,,0,75,,6145,15,,,0,35,,6140,15,,,0,75,,6146,15,,,0,80,,6147,15,,,0,42,,6154,15,,,0,70,,6148,15,,,0,30,,6155,15,,,0,70,,6149,15,,,0,30,,6156,15,,,0,86,,6150,15,,,0,70,,6157,15,,,0,30,,6151,15,,,0,70,,6158,15,,,0,30,,6163,15,,,0,70,,6164,15,,,0
700,'100016',809,,6165,15,,,0,100,,6166,15,,,0,100,,6167,15,,,0,100,,6168,15,,,0,100,,6169,15,,,0,115,,6170,15,,,0,100,,6171,15,,,0,100,,6172,15,,,0,115,,6173,15,,,0,100,,6174,15,,,0,100,,6175,15,,,0
800,'100013',601,,6191,14,,,0,30,,6176,14,,,0,70,,6192,14,,,0,30,,6177,14,,,0,70,,6193,14,,,0,40,,6194,14,,,0,69,,6178,14,,,0,30,,6202,14,,,0,70,,6179,14,,,0,30,,6203,14,,,0,70,,6180,14,,,0,30,,6204,14,,,0,70,,6181,14,,,0,41,,6205,14,,,0,75,,6182,14,,,0,75,,6195,14,,,0,35,,6183,14,,,0,75,,6184,14,,,0,35,,6196,14,,,0,75,,6185,14,,,0,80,,6197,14,,,0,43,,6186,14,,,0,70,,6198,14,,,0,30,,6187,14,,,0,70,,6199,14,,,0,30,,6188,14,,,0,85,,6200,14,,,0,30,,6189,14,,,0,70,,6201,14,,,0,30,,6190,14,,,0,69,,6207,14,,,0,28,,6206,14,,,0
800,'100014',739,,6208,14,,,0,100,,6214,14,,,0,100,,6209,14,,,0,100,,6215,14,,,0,100,,6210,14,,,0,115,,6216,14,,,0,100,,6211,14,,,0,100,,6217,14,,,0,100,,6212,14,,,0,155,,6218,14,,,0,100,,6213,14,,,0,100,,6219,14,,,0
800,'100015',601,,6235,14,,,0,30,,6220,14,,,0,70,,6236,14,,,0,30,,6221,14,,,0,70,,6237,14,,,0,40,,6238,14,,,0,69,,6222,14,,,0,30,,6246,14,,,0,70,,6223,14,,,0,30,,6247,14,,,0,70,,6224,14,,,0,30,,6248,14,,,0,70,,6225,14,,,0,41,,6249,14,,,0,75,,6226,14,,,0,75,,6239,14,,,0,35,,6227,14,,,0,75,,6228,14,,,0,35,,6240,14,,,0,75,,6229,14,,,0,80,,6241,14,,,0,43,,6230,14,,,0,70,,6242,14,,,0,30,,6231,14,,,0,70,,6243,14,,,0,30,,6232,14,,,0,85,,6244,14,,,0,30,,6233,14,,,0,70,,6245,14,,,0,30,,6234,14,,,0,69,,6251,14,,,0,28,,6250,14,,,0
800,'100016',739,,6252,14,,,0,100,,6253,14,,,0,100,,6254,14,,,0,100,,6255,14,,,0,100,,6256,14,,,0,115,,6257,14,,,0,100,,6258,14,,,0,100,,6259,14,,,0,100,,6260,14,,,0,155,,6261,14,,,0,100,,6262,14,,,0,100,,6263,14,,,0
5001,'100015',1505,,6529,11,,,0
5300,'100015',802,,6536,31,,,0
5301,'100015',1523,,6537,18,,,0
5501,'100015',1459,,6543,4,,,0
