101,'100013',527,,5255,4,0,37 38 2 35 39 40,0,30,,5259,4,0,37 38 2 35 39 40,0,70,,5258,4,0,37 38 2 35 39 40,0,30,,5260,4,0,37 38 2 35 39 40,0,70,,5257,4,0,37 38 2 35 39 40,0,30,,5261,4,0,37 38 2 35 39 40,0,80,,5254,4,0,37 38 2 35 39 40,0,70,,5262,4,0,37 38 2 35 39 40,0,30,,5256,4,0,37 38 2 35 39 40,0,70,,5263,4,0,37 38 2 35 39 40,0,30,,5274,4,0,37 38 2 35 39 40,0,70,,5264,4,0,37 38 2 35 39 40,0,30,,5275,4,0,37 38 2 35 39 40,0,70,,5265,4,0,37 38 2 35 39 40,0,30,,5276,4,0,37 38 2 35 39 40,0,70,,5266,4,0,37 38 2 35 39 40,0,30,,5267,4,0,37 38 2 35 39 40,0,70,,5284,4,0,37 38 2 35 39 40,0,30,,5268,4,0,37 38 2 35 39 40,0,78,,5283,4,0,37 38 2 35 39 40,0,30,,5269,4,0,37 38 2 35 39 40,0,70,,5282,4,0,37 38 2 35 39 40,0,30,,5270,4,0,37 38 2 35 39 40,0,70,,5281,4,0,37 38 2 35 39 40,0,30,,5271,4,0,37 38 2 35 39 40,0,70,,5280,4,0,37 38 2 35 39 40,0,30,,5272,4,0,37 38 2 35 39 40,0,70,,5279,4,0,37 38 2 35 39 40,0,40,,5273,4,0,37 38 2 35 39 40,0,70,,5278,4,0,37 38 2 35 39 40,0,30,,5277,4,0,37 38 2 35 39 40,0,70,,5285,4,0,37 38 2 35 39 40,0,30,,5286,4,0,37 38 2 35 39 40,0,69,,5288,4,0,37 38 2 35 39 40,0,30,,5287,4,0,37 38 2 35 39 40,0
101,'100014',735,,5312,4,0,37 38 2 35 39 40,0,70,,5289,4,0,37 38 2 35 39 40,0,30,,5301,4,0,37 38 2 35 39 40,0,70,,5290,4,0,37 38 2 35 39 40,0,30,,5302,4,0,37 38 2 35 39 40,0,70,,5291,4,0,37 38 2 35 39 40,0,30,,5303,4,0,37 38 2 35 39 40,0,70,,5292,4,0,37 38 2 35 39 40,0,30,,5304,4,0,37 38 2 35 39 40,0,70,,5293,4,0,37 38 2 35 39 40,0,30,,5305,4,0,37 38 2 35 39 40,0,70,,5295,4,0,37 38 2 35 39 40,0,30,,5306,4,0,37 38 2 35 39 40,0,70,,5294,4,0,37 38 2 35 39 40,0,30,,5307,4,0,37 38 2 35 39 40,0,70,,5297,4,0,37 38 2 35 39 40,0,30,,5308,4,0,37 38 2 35 39 40,0,70,,5296,4,0,37 38 2 35 39 40,0,30,,5309,4,0,37 38 2 35 39 40,0,70,,5298,4,0,37 38 2 35 39 40,0,30,,5310,4,0,37 38 2 35 39 40,0,70,,5299,4,0,37 38 2 35 39 40,0,30,,5311,4,0,37 38 2 35 39 40,0,70,,5300,4,0,37 38 2 35 39 40,0
101,'100015',527,,5314,4,0,37 38 2 35 39 40,0,30,,5318,4,0,37 38 2 35 39 40,0,70,,5317,4,0,37 38 2 35 39 40,0,30,,5319,4,0,37 38 2 35 39 40,0,70,,5316,4,0,37 38 2 35 39 40,0,30,,5320,4,0,37 38 2 35 39 40,0,80,,5313,4,0,37 38 2 35 39 40,0,70,,5321,4,0,37 38 2 35 39 40,0,30,,5315,4,0,37 38 2 35 39 40,0,70,,5322,4,0,37 38 2 35 39 40,0,30,,5333,4,0,37 38 2 35 39 40,0,70,,5323,4,0,37 38 2 35 39 40,0,30,,5334,4,0,37 38 2 35 39 40,0,70,,5324,4,0,37 38 2 35 39 40,0,30,,5335,4,0,37 38 2 35 39 40,0,70,,5325,4,0,37 38 2 35 39 40,0,30,,5326,4,0,37 38 2 35 39 40,0,70,,5343,4,0,37 38 2 35 39 40,0,30,,5327,4,0,37 38 2 35 39 40,0,78,,5342,4,0,37 38 2 35 39 40,0,30,,5328,4,0,37 38 2 35 39 40,0,70,,5341,4,0,37 38 2 35 39 40,0,30,,5329,4,0,37 38 2 35 39 40,0,70,,5340,4,0,37 38 2 35 39 40,0,30,,5330,4,0,37 38 2 35 39 40,0,70,,5339,4,0,37 38 2 35 39 40,0,30,,5331,4,0,37 38 2 35 39 40,0,70,,5338,4,0,37 38 2 35 39 40,0,40,,5332,4,0,37 38 2 35 39 40,0,70,,5337,4,0,37 38 2 35 39 40,0,30,,5336,4,0,37 38 2 35 39 40,0,70,,5344,4,0,37 38 2 35 39 40,0,30,,5345,4,0,37 38 2 35 39 40,0,69,,5347,4,0,37 38 2 35 39 40,0,30,,5346,4,0,37 38 2 35 39 40,0
101,'100016',805,,5348,4,0,37 38 2 35 39 40,0,100,,5349,4,0,37 38 2 35 39 40,0,100,,5350,4,0,37 38 2 35 39 40,0,100,,5351,4,0,37 38 2 35 39 40,0,100,,5352,4,0,37 38 2 35 39 40,0,100,,5353,4,0,37 38 2 35 39 40,0,100,,5354,4,0,37 38 2 35 39 40,0,100,,5355,4,0,37 38 2 35 39 40,0,100,,5356,4,0,37 38 2 35 39 40,0,100,,5357,4,0,37 38 2 35 39 40,0,100,,5358,4,0,37 38 2 35 39 40,0,100,,5359,4,0,37 38 2 35 39 40,0
201,'100013',527,,5510,4,,,0,30,,5513,21,,,0,70,,5480,21,,,0,30,,5488,21,,,0,70,,5481,21,,,0,30,,5489,21,,,0,80,,5482,21,,,0,70,,5490,21,,,0,30,,5483,21,,,0,70,,5491,21,,,0,30,,5484,21,,,0,70,,5492,21,,,0,30,,5485,21,,,0,70,,5493,21,,,0,38,,5514,4,,,0,75,,5511,21,,,0,35,,5487,21,,,0,75,,5494,21,,,0,75,,5501,21,,,0,35,,5495,21,,,0,75,,5502,21,,,0,40,,5496,21,,,0,85,,5512,21,,,0,70,,5503,21,,,0,30,,5497,21,,,0,70,,5504,21,,,0,30,,5498,21,,,0,85,,5505,21,,,0,30,,5499,21,,,0,70,,5506,21,,,0,30,,5500,21,,,0,70,,5507,21,,,0,30,,5508,21,,,0,71,,5509,21,,,0
201,'100014',805,,5520,21,,,0,30,,5524,21,,,0,70,,5521,21,,,0,30,,5533,21,,,0,70,,5523,21,,,0,30,,5522,21,,,0,70,,5525,21,,,0,30,,5526,21,,,0,70,,5515,21,,,0,45,,5539,4,,,0,70,,5528,21,,,0,30,,5529,21,,,0,70,,5530,21,,,0,30,,5531,21,,,0,70,,5532,21,,,0,30,,5535,21,,,0,85,,5537,4,,,0,70,,5534,21,,,0,30,,5516,21,,,0,70,,5519,21,,,0,30,,5518,21,,,0,70,,5517,21,,,0,30,,5527,21,,,0
201,'100015',527,,5570,4,,,0,30,,5573,21,,,0,70,,5540,21,,,0,30,,5548,21,,,0,70,,5541,21,,,0,30,,5549,21,,,0,80,,5542,21,,,0,70,,5550,21,,,0,30,,5543,21,,,0,70,,5551,21,,,0,30,,5544,21,,,0,70,,5552,21,,,0,30,,5545,21,,,0,70,,5553,21,,,0,38,,5574,4,,,0,75,,5571,21,,,0,35,,5547,21,,,0,75,,5554,21,,,0,75,,5561,21,,,0,35,,5555,21,,,0,75,,5562,21,,,0,40,,5556,21,,,0,85,,5572,21,,,0,70,,5563,21,,,0,30,,5557,21,,,0,70,,5564,21,,,0,30,,5558,21,,,0,85,,5565,21,,,0,30,,5559,21,,,0,70,,5566,21,,,0,30,,5560,21,,,0,70,,5567,21,,,0,30,,5568,21,,,0,71,,5569,21,,,0
201,'100016',805,,5575,21,,,0,30,,5576,21,,,0,70,,5577,21,,,0,30,,5578,21,,,0,70,,5579,21,,,0,30,,5580,21,,,0,70,,5581,21,,,0,30,,5582,21,,,0,70,,5583,21,,,0,45,,5597,4,,,0,70,,5585,21,,,0,30,,5586,21,,,0,70,,5587,21,,,0,30,,5588,21,,,0,70,,5589,21,,,0,30,,5590,21,,,0,85,,5598,4,,,0,70,,5592,21,,,0,30,,5593,21,,,0,70,,5594,21,,,0,30,,5595,21,,,0,70,,5596,21,,,0,30,,5591,21,,,0
600,'100013',525,,6002,4,,,0,30,,5992,4,,,0,58,,6020,4,,,0,12,,6003,4,,,0,30,,5993,4,,,0,58,,6021,4,,,0,12,,6004,4,,,0,30,,5994,4,,,0,80,,5995,4,,,0,70,,6012,4,,,0,30,,5996,4,,,0,70,,6013,4,,,0,30,,5997,4,,,0,70,,6022,4,,,0,30,,5998,4,,,0,70,,6023,4,,,0,39,,5999,4,,,0,75,,6024,4,,,0,35,,6000,4,,,0,75,,6005,4,,,0,75,,6001,4,,,0,35,,6014,4,,,0,75,,6006,4,,,0,40,,6015,4,,,0,84,,6007,4,,,0,70,,6016,4,,,0,30,,6008,4,,,0,70,,6017,4,,,0,30,,6009,4,,,0,85,,6018,4,,,0,30,,6010,4,,,0,70,,6019,4,,,0,30,,6011,4,,,0,70,,6026,4,,,0,30,,6025,4,,,0
600,'100014',733,,6035,4,,,0,100,,6036,4,,,0,100,,6038,4,,,0,100,,6027,4,,,0,100,,6037,4,,,0,115,,6031,4,,,0,100,,6028,4,,,0,100,,6032,4,,,0,100,,6029,4,,,0,155,,6033,4,,,0,100,,6030,4,,,0,100,,6034,4,,,0
600,'100015',525,,6049,4,,,0,30,,6039,4,,,0,58,,6067,4,,,0,12,,6050,4,,,0,30,,6040,4,,,0,58,,6068,4,,,0,12,,6051,4,,,0,30,,6041,4,,,0,80,,6042,4,,,0,70,,6059,4,,,0,30,,6043,4,,,0,70,,6060,4,,,0,30,,6044,4,,,0,70,,6069,4,,,0,30,,6045,4,,,0,70,,6070,4,,,0,39,,6046,4,,,0,75,,6071,4,,,0,35,,6047,4,,,0,75,,6052,4,,,0,75,,6048,4,,,0,35,,6061,4,,,0,75,,6053,4,,,0,40,,6062,4,,,0,84,,6054,4,,,0,70,,6063,4,,,0,30,,6055,4,,,0,70,,6064,4,,,0,30,,6056,4,,,0,85,,6065,4,,,0,30,,6057,4,,,0,70,,6066,4,,,0,30,,6058,4,,,0,70,,6073,4,,,0,30,,6072,4,,,0
600,'100016',733,,6081,4,,,0,100,,6082,4,,,0,100,,6083,4,,,0,100,,6084,4,,,0,100,,6085,4,,,0,115,,6077,4,,,0,100,,6076,4,,,0,100,,6075,4,,,0,100,,6074,4,,,0,155,,6079,4,,,0,100,,6078,4,,,0,100,,6080,4,,,0
