500,'100013',611,,5906,38,,,0,30,,5922,38,,,0,70,,5907,38,,,0,30,,5923,38,,,0,70,,5908,38,,,0,40,,5909,38,,,0,70,,5931,38,,,0,30,,5910,38,,,0,70,,5934,38,,,0,30,,5911,38,,,0,70,,5933,38,,,0,30,,5912,38,,,0,70,,5935,38,,,0,82,,5913,38,,,0,35,,5932,38,,,0,75,,5914,38,,,0,35,,5924,38,,,0,75,,5915,38,,,0,35,,5925,38,,,0,75,,5916,38,,,0,80,,5917,38,,,0,41,,5926,38,,,0,70,,5918,38,,,0,30,,5927,38,,,0,70,,5919,38,,,0,30,,5928,38,,,0,85,,5920,38,,,0,70,,5929,38,,,0,30,,5921,38,,,0,70,,5930,38,,,0,30,,5936,38,,,0,70,,5937,38,,,0
500,'100014',819,,5938,38,,,0,100,,5944,38,,,0,100,,5939,38,,,0,100,,5945,38,,,0,100,,5940,38,,,0,115,,5946,38,,,0,100,,5941,38,,,0,100,,5947,38,,,0,115,,5942,38,,,0,100,,5948,38,,,0,100,,5943,38,,,0
500,'100015',611,,5949,38,,,0,30,,5965,38,,,0,70,,5950,38,,,0,30,,5966,38,,,0,70,,5951,38,,,0,40,,5952,38,,,0,70,,5974,38,,,0,30,,5953,38,,,0,70,,5977,38,,,0,30,,5954,38,,,0,70,,5976,38,,,0,30,,5955,38,,,0,70,,5978,38,,,0,82,,5956,38,,,0,35,,5975,38,,,0,75,,5957,38,,,0,35,,5967,38,,,0,75,,5958,38,,,0,35,,5968,38,,,0,75,,5959,38,,,0,80,,5960,38,,,0,41,,5969,38,,,0,70,,5961,38,,,0,30,,5970,38,,,0,70,,5962,38,,,0,30,,5971,38,,,0,85,,5963,38,,,0,70,,5972,38,,,0,30,,5964,38,,,0,70,,5973,38,,,0,30,,5979,38,,,0,70,,5980,38,,,0
500,'100016',819,,5981,38,,,0,100,,5982,38,,,0,100,,5983,38,,,0,100,,5984,38,,,0,100,,5985,38,,,0,115,,5986,38,,,0,100,,5987,38,,,0,100,,5988,38,,,0,115,,5989,38,,,0,100,,5990,38,,,0,100,,5991,38,,,0
700,'100013',544,,6086,35,,,0,70,,6096,35,,,0,30,,6087,35,,,0,58,,6114,35,,,0,12,,6097,35,,,0,30,,6088,35,,,0,70,,6098,35,,,0,40,,6107,35,,,0,70,,6089,35,,,0,30,,6108,35,,,0,70,,6090,35,,,0,30,,6115,35,,,0,70,,6091,35,,,0,30,,6116,35,,,0,70,,6092,35,,,0,83,,6117,35,,,0,35,,6093,35,,,0,75,,6099,35,,,0,35,,6094,35,,,0,75,,6100,35,,,0,75,,6095,35,,,0,35,,6101,35,,,0,80,,6102,35,,,0,40,,6109,35,,,0,70,,6103,35,,,0,30,,6110,35,,,0,70,,6104,35,,,0,30,,6111,35,,,0,86,,6105,35,,,0,70,,6112,35,,,0,30,,6106,35,,,0,70,,6113,35,,,0,30,,6118,35,,,0,70,,6119,35,,,0
700,'100014',822,,6120,35,,,0,100,,6121,35,,,0,100,,6122,35,,,0,100,,6123,35,,,0,100,,6124,35,,,0,115,,6125,35,,,0,100,,6126,35,,,0,100,,6127,35,,,0,115,,6128,35,,,0,100,,6129,35,,,0,100,,6130,35,,,0
700,'100015',544,,6131,35,,,0,70,,6141,35,,,0,30,,6132,35,,,0,58,,6159,35,,,0,12,,6142,35,,,0,30,,6133,35,,,0,70,,6143,35,,,0,40,,6152,35,,,0,70,,6134,35,,,0,30,,6153,35,,,0,70,,6135,35,,,0,30,,6160,35,,,0,70,,6136,35,,,0,30,,6161,35,,,0,70,,6137,35,,,0,83,,6162,35,,,0,35,,6138,35,,,0,75,,6144,35,,,0,35,,6139,35,,,0,75,,6145,35,,,0,75,,6140,35,,,0,35,,6146,35,,,0,80,,6147,35,,,0,40,,6154,35,,,0,70,,6148,35,,,0,30,,6155,35,,,0,70,,6149,35,,,0,30,,6156,35,,,0,86,,6150,35,,,0,70,,6157,35,,,0,30,,6151,35,,,0,70,,6158,35,,,0,30,,6163,35,,,0,70,,6164,35,,,0
700,'100016',822,,6165,35,,,0,100,,6166,35,,,0,100,,6167,35,,,0,100,,6168,35,,,0,100,,6169,35,,,0,115,,6170,35,,,0,100,,6171,35,,,0,100,,6172,35,,,0,115,,6173,35,,,0,100,,6174,35,,,0,100,,6175,35,,,0
1000900,'100013',545,,6556,28,,,0,70,,6557,28,,,0,30,,6558,28,,,0,70,,6559,28,,,0,30,,6560,28,,,0,70,,6561,28,,,0,22,,6562,28,,,0,68,,6563,28,,,0,35,,6564,28,,,0,60,,6565,28,,,0,30,,6566,28,,,0,70,,6567,28,,,0,30,,6568,28,,,0,70,,6569,28,,,0,30,,6570,28,,,0,70,,6571,28,,,0,30,,6572,28,,,0,70,,6573,28,,,0,33,,6574,28,,,0,70,,6575,28,,,0,34,,6576,28,,,0,64,,6577,28,,,0,32,,6578,28,,,0,70,,6579,28,,,0,18,,6580,28,,,0,85,,6549,28,,,0,30,,6550,28,,,0,70,,6553,28,,,0,30,,6546,28,,,0,67,,6548,28,,,0,44,,6554,28,,,0,85,,6552,28,,,0,75,,6551,28,,,0,35,,6555,28,,,0,75,,6547,28,,,0
1000900,'100014',758,,6581,28,,,0,80,,6582,28,,,0,80,,6583,28,,,0,40,,6584,28,,,0,80,,6585,28,,,0,80,,6586,28,,,0,40,,6587,28,,,0,85,,6588,28,,,0,80,,6589,28,,,0,81,,6590,28,,,0,40,,6591,28,,,0,80,,6592,28,,,0,80,,6593,28,,,0,40,,6594,28,,,0,85,,6595,28,,,0,80,,6596,28,,,0,40,,6597,28,,,0,80,,6598,28,,,0
1000900,'100015',545,,6609,28,,,0,70,,6610,28,,,0,30,,6611,28,,,0,70,,6612,28,,,0,30,,6613,28,,,0,70,,6614,28,,,0,22,,6615,28,,,0,68,,6616,28,,,0,35,,6617,28,,,0,60,,6618,28,,,0,30,,6619,28,,,0,70,,6620,28,,,0,30,,6621,28,,,0,70,,6622,28,,,0,30,,6623,28,,,0,70,,6624,28,,,0,30,,6625,28,,,0,70,,6626,28,,,0,33,,6627,28,,,0,70,,6628,28,,,0,34,,6629,28,,,0,64,,6630,28,,,0,32,,6631,28,,,0,70,,6632,28,,,0,18,,6633,28,,,0,85,,6602,28,,,0,30,,6603,28,,,0,70,,6606,28,,,0,30,,6599,28,,,0,67,,6601,28,,,0,44,,6607,28,,,0,85,,6605,28,,,0,75,,6604,28,,,0,35,,6608,28,,,0,75,,6600,28,,,0
1000900,'100016',758,,6634,28,,,0,80,,6635,28,,,0,80,,6636,28,,,0,40,,6637,28,,,0,80,,6638,28,,,0,80,,6639,28,,,0,40,,6640,28,,,0,85,,6641,28,,,0,80,,6642,28,,,0,81,,6643,28,,,0,40,,6644,28,,,0,80,,6645,28,,,0,80,,6646,28,,,0,40,,6647,28,,,0,85,,6648,28,,,0,80,,6649,28,,,0,40,,6650,28,,,0,80,,6651,28,,,0
2000900,'100013',610,,6652,26,,,0,20,,6653,26,,,0,70,,6654,26,,,0,30,,6655,26,,,0,70,,6656,26,,,0,20,,6657,26,,,0,80,,6658,26,,,0,22,,6683,26,,,0,28,,6659,26,,,0,70,,6660,26,,,0,20,,6661,26,,,0,70,,6662,26,,,0,30,,6663,26,,,0,70,,6664,26,,,0,30,,6665,26,,,0,70,,6666,26,,,0,30,,6667,26,,,0,70,,6668,26,,,0,32,,6669,26,,,0,71,,6670,26,,,0,30,,6671,26,,,0,74,,6672,26,,,0,24,,6673,26,,,0,72,,6674,26,,,0,38,,6675,26,,,0,70,,6676,26,,,0,30,,6677,26,,,0,70,,6678,26,,,0,30,,6679,26,,,0,65,,6680,26,,,0,32,,6681,26,,,0,74,,6682,26,,,0,85,,6684,26,,,0,35,,6685,26,,,0,76,,6686,26,,,0
2000900,'100014',820,,6687,26,,,0,80,,6688,26,,,0,40,,6689,26,,,0,80,,6690,26,,,0,80,,6691,26,,,0,40,,6692,26,,,0,79,,6693,26,,,0,40,,6694,26,,,0,85,,6695,26,,,0,80,,6696,26,,,0,81,,6697,26,,,0,40,,6698,26,,,0,85,,6699,26,,,0,80,,6700,26,,,0,40,,6701,26,,,0,80,,6702,26,,,0,80,,6703,26,,,0
2000900,'100015',610,,6704,26,,,0,20,,6705,26,,,0,70,,6706,26,,,0,30,,6707,26,,,0,70,,6708,26,,,0,20,,6709,26,,,0,80,,6710,26,,,0,22,,6735,26,,,0,28,,6711,26,,,0,70,,6712,26,,,0,20,,6713,26,,,0,70,,6714,26,,,0,30,,6715,26,,,0,70,,6716,26,,,0,30,,6717,26,,,0,70,,6718,26,,,0,30,,6719,26,,,0,70,,6720,26,,,0,32,,6721,26,,,0,71,,6722,26,,,0,30,,6723,26,,,0,74,,6724,26,,,0,24,,6725,26,,,0,72,,6726,26,,,0,38,,6727,26,,,0,70,,6728,26,,,0,30,,6729,26,,,0,70,,6730,26,,,0,30,,6731,26,,,0,65,,6732,26,,,0,32,,6733,26,,,0,74,,6734,26,,,0,85,,6736,26,,,0,35,,6737,26,,,0,76,,6738,26,,,0
2000900,'100016',820,,6739,26,,,0,80,,6740,26,,,0,40,,6741,26,,,0,80,,6742,26,,,0,80,,6743,26,,,0,40,,6744,26,,,0,79,,6745,26,,,0,40,,6746,26,,,0,85,,6747,26,,,0,80,,6748,26,,,0,81,,6749,26,,,0,40,,6750,26,,,0,85,,6751,26,,,0,80,,6752,26,,,0,40,,6753,26,,,0,80,,6754,26,,,0,80,,6755,26,,,0
