200,'100013',555,,5360,29,,,0,70,,5369,29,,,0,30,,5361,29,,,0,70,,5370,29,,,0,30,,5362,29,,,0,80,,5371,29,,,0,70,,5363,29,,,0,30,,5372,29,,,0,70,,5364,29,,,0,30,,5373,29,,,0,70,,5365,29,,,0,30,,5374,29,,,0,70,,5366,29,,,0,38,,5393,5,,,0,75,,5367,29,,,0,35,,5376,29,,,0,75,,5368,29,,,0,75,,5377,29,,,0,35,,5385,29,,,0,75,,5378,29,,,0,35,,5386,29,,,0,89,,5379,29,,,0,71,,5380,29,,,0,30,,5387,29,,,0,70,,5381,29,,,0,30,,5388,29,,,0,85,,5382,29,,,0,30,,5389,29,,,0,70,,5383,29,,,0,30,,5390,29,,,0,70,,5384,29,,,0,30,,5391,29,,,0,70,,5392,29,,,0
200,'100014',733,,5415,29,,,0,70,,5414,29,,,0,30,,5395,29,,,0,70,,5394,29,,,0,30,,5396,29,,,0,70,,5397,29,,,0,30,,5398,29,,,0,70,,5399,29,,,0,30,,5400,29,,,0,70,,5401,29,,,0,45,,5419,5,,,0,70,,5402,29,,,0,30,,5403,29,,,0,70,,5404,29,,,0,30,,5405,29,,,0,70,,5406,29,,,0,30,,5407,29,,,0,85,,5417,5,,,0,70,,5408,29,,,0,30,,5409,29,,,0,70,,5410,29,,,0,30,,5411,29,,,0,70,,5412,29,,,0,30,,5413,29,,,0
200,'100015',555,,5420,29,,,0,70,,5429,29,,,0,30,,5421,29,,,0,70,,5430,29,,,0,30,,5422,29,,,0,80,,5431,29,,,0,70,,5423,29,,,0,30,,5432,29,,,0,70,,5424,29,,,0,30,,5433,29,,,0,70,,5425,29,,,0,30,,5434,29,,,0,70,,5426,29,,,0,38,,5453,5,,,0,75,,5427,29,,,0,35,,5436,29,,,0,75,,5428,29,,,0,75,,5437,29,,,0,35,,5445,29,,,0,75,,5438,29,,,0,35,,5446,29,,,0,89,,5439,29,,,0,71,,5440,29,,,0,30,,5447,29,,,0,70,,5441,29,,,0,30,,5448,29,,,0,85,,5442,29,,,0,30,,5449,29,,,0,70,,5443,29,,,0,30,,5450,29,,,0,70,,5444,29,,,0,30,,5451,29,,,0,70,,5452,29,,,0
200,'100016',733,,5476,29,,,0,70,,5454,29,,,0,30,,5455,29,,,0,70,,5456,29,,,0,30,,5457,29,,,0,70,,5458,29,,,0,30,,5459,29,,,0,70,,5460,29,,,0,30,,5461,29,,,0,70,,5462,29,,,0,45,,5477,5,,,0,70,,5464,29,,,0,30,,5465,29,,,0,70,,5466,29,,,0,30,,5467,29,,,0,70,,5468,29,,,0,30,,5469,29,,,0,85,,5478,5,,,0,70,,5471,29,,,0,30,,5472,29,,,0,70,,5473,29,,,0,30,,5474,29,,,0,70,,5475,29,,,0,30,,5470,29,,,0
2101,'100013',555,,6377,5,,,0,73,,6364,5,,,0,77,,6378,5,,,0,35,,6365,5,,,0,74,,6379,5,,,0,36,,6366,5,,,0,75,,6380,5,,,0,75,,6367,5,,,0,35,,6381,5,,,0,75,,6368,5,,,0,35,,6382,5,,,0,75,,6369,5,,,0,35,,6383,5,,,0,75,,6370,5,,,0,75,,6384,5,,,0,35,,6371,5,,,0,75,,6385,5,,,0,35,,6372,5,,,0,75,,6386,5,,,0,80,,6373,5,,,0,35,,6387,5,,,0,75,,6374,5,,,0,37,,6388,5,,,0,73,,6375,5,,,0,79,,6389,5,,,0,49,,6376,5,,,0,70,,6390,5,,,0,30,,6393,5,,,0,70,,6392,5,,,0,30,,6391,5,,,0
2101,'100014',733,,6401,5,,,0,75,,6394,5,,,0,35,,6402,5,,,0,75,,6395,5,,,0,35,,6412,5,,,0,75,,6410,5,,,0,75,,6403,5,,,0,36,,6396,5,,,0,74,,6404,5,,,0,35,,6397,5,,,0,75,,6405,5,,,0,35,,6398,5,,,0,75,,6406,5,,,0,75,,6399,5,,,0,35,,6413,5,,,0,75,,6409,5,,,0,35,,6407,5,,,0,80,,6400,5,,,0,75,,6408,5,,,0,35,,6411,5,,,0
2101,'100015',555,,6427,5,,,0,73,,6414,5,,,0,77,,6428,5,,,0,35,,6415,5,,,0,74,,6429,5,,,0,36,,6416,5,,,0,75,,6430,5,,,0,75,,6417,5,,,0,35,,6431,5,,,0,75,,6418,5,,,0,35,,6432,5,,,0,75,,6419,5,,,0,35,,6433,5,,,0,75,,6420,5,,,0,75,,6434,5,,,0,35,,6421,5,,,0,75,,6435,5,,,0,35,,6422,5,,,0,75,,6436,5,,,0,80,,6423,5,,,0,35,,6437,5,,,0,75,,6424,5,,,0,37,,6438,5,,,0,73,,6425,5,,,0,79,,6439,5,,,0,49,,6426,5,,,0,70,,6440,5,,,0,30,,6443,5,,,0,70,,6442,5,,,0,30,,6441,5,,,0
2101,'100016',733,,6444,5,,,0,75,,6445,5,,,0,35,,6446,5,,,0,75,,6447,5,,,0,35,,6448,5,,,0,75,,6449,5,,,0,75,,6450,5,,,0,35,,6451,5,,,0,75,,6452,5,,,0,35,,6453,5,,,0,75,,6454,5,,,0,35,,6455,5,,,0,75,,6456,5,,,0,75,,6457,5,,,0,35,,6458,5,,,0,75,,6459,5,,,0,35,,6460,5,,,0,80,,6461,5,,,0,75,,6462,5,,,0,35,,6463,5,,,0
3101,'100013',524,,6496,5,0,41 42 2 5 6,0,30,,6497,5,0,41 42 2 5 6,0,70,,6498,5,0,41 42 2 5 6,0,30,,6499,5,0,41 42 2 5 6,0,70,,6500,5,0,41 42 2 5 6,0,30,,6501,5,0,41 42 2 5 6,0,70,,6502,5,0,41 42 2 5 6,0,30,,6503,5,0,41 42 2 5 6,0,573,,6504,5,0,41 42 2 5 6,0,75,,6505,5,0,41 42 2 5 6,0,35,,6506,5,0,41 42 2 5 6,0,75,,6507,5,0,41 42 2 5 6,0,40,,6508,5,0,41 42 2 5 6,0,85,,6509,5,0,41 42 2 5 6,0,70,,6510,5,0,41 42 2 5 6,0,30,,6511,5,0,41 42 2 5 6,0
3101,'100015',524,,6512,5,0,41 42 2 5 6,0,30,,6513,5,0,41 42 2 5 6,0,70,,6514,5,0,41 42 2 5 6,0,30,,6515,5,0,41 42 2 5 6,0,70,,6516,5,0,41 42 2 5 6,0,30,,6517,5,0,41 42 2 5 6,0,70,,6518,5,0,41 42 2 5 6,0,30,,6519,5,0,41 42 2 5 6,0,573,,6520,5,0,41 42 2 5 6,0,75,,6521,5,0,41 42 2 5 6,0,35,,6522,5,0,41 42 2 5 6,0,75,,6523,5,0,41 42 2 5 6,0,40,,6524,5,0,41 42 2 5 6,0,85,,6525,5,0,41 42 2 5 6,0,70,,6526,5,0,41 42 2 5 6,0,30,,6527,5,0,41 42 2 5 6,0
