700,'100014',529,,6086,11,,,0,30,,6096,11,,,0,70,,6087,11,,,0,18,,6114,11,,,0,12,,6097,11,,,0,70,,6088,11,,,0,30,,6098,11,,,0,80,,6107,11,,,0,70,,6089,11,,,0,30,,6108,11,,,0,70,,6090,11,,,0,30,,6115,11,,,0,70,,6091,11,,,0,30,,6116,11,,,0,70,,6092,11,,,0,39,,6117,11,,,0,75,,6093,11,,,0,35,,6099,11,,,0,75,,6094,11,,,0,75,,6100,11,,,0,35,,6095,11,,,0,75,,6101,11,,,0,40,,6102,11,,,0,84,,6109,11,,,0,70,,6103,11,,,0,30,,6110,11,,,0,70,,6104,11,,,0,30,,6111,11,,,0,85,,6105,11,,,0,30,,6112,11,,,0,70,,6106,11,,,0,30,,6113,11,,,0,70,,6118,11,,,0,30,,6119,11,,,0
700,'100015',807,,6120,11,,,0,100,,6121,11,,,0,100,,6122,11,,,0,100,,6123,11,,,0,100,,6124,11,,,0,115,,6125,11,,,0,100,,6126,11,,,0,100,,6127,11,,,0,115,,6128,11,,,0,100,,6129,11,,,0,100,,6130,11,,,0
700,'100016',529,,6131,11,,,0,30,,6141,11,,,0,70,,6132,11,,,0,18,,6159,11,,,0,12,,6142,11,,,0,70,,6133,11,,,0,30,,6143,11,,,0,80,,6152,11,,,0,70,,6134,11,,,0,30,,6153,11,,,0,70,,6135,11,,,0,30,,6160,11,,,0,70,,6136,11,,,0,30,,6161,11,,,0,70,,6137,11,,,0,39,,6162,11,,,0,75,,6138,11,,,0,35,,6144,11,,,0,75,,6139,11,,,0,75,,6145,11,,,0,35,,6140,11,,,0,75,,6146,11,,,0,40,,6147,11,,,0,84,,6154,11,,,0,70,,6148,11,,,0,30,,6155,11,,,0,70,,6149,11,,,0,30,,6156,11,,,0,85,,6150,11,,,0,30,,6157,11,,,0,70,,6151,11,,,0,30,,6158,11,,,0,70,,6163,11,,,0,30,,6164,11,,,0
700,'100017',807,,6165,11,,,0,100,,6166,11,,,0,100,,6167,11,,,0,100,,6168,11,,,0,100,,6169,11,,,0,115,,6170,11,,,0,100,,6171,11,,,0,100,,6172,11,,,0,115,,6173,11,,,0,100,,6174,11,,,0,100,,6175,11,,,0
1000900,'100014',525,,6556,12,,,0,30,,6557,12,,,0,70,,6558,12,,,0,30,,6559,12,,,0,70,,6560,12,,,0,30,,6561,12,,,0,62,,6562,12,,,0,28,,6563,12,,,0,75,,6564,12,,,0,20,,6565,12,,,0,70,,6566,12,,,0,30,,6567,12,,,0,70,,6568,12,,,0,30,,6569,12,,,0,70,,6570,12,,,0,30,,6571,12,,,0,70,,6572,12,,,0,30,,6573,12,,,0,72,,6574,12,,,0,30,,6575,12,,,0,70,,6576,12,,,0,28,,6577,12,,,0,72,,6578,12,,,0,30,,6579,12,,,0,58,,6580,12,,,0,45,,6549,12,,,0,70,,6550,12,,,0,30,,6553,12,,,0,70,,6546,12,,,0,29,,6548,12,,,0,83,,6554,12,,,0,85,,6552,12,,,0,35,,6551,12,,,0,75,,6555,12,,,0,35,,6547,12,,,0
1000900,'100015',739,,6581,12,,,0,80,,6582,12,,,0,40,,6583,12,,,0,80,,6584,12,,,0,80,,6585,12,,,0,40,,6586,12,,,0,80,,6587,12,,,0,85,,6588,12,,,0,80,,6589,12,,,0,41,,6590,12,,,0,80,,6591,12,,,0,80,,6592,12,,,0,40,,6593,12,,,0,80,,6594,12,,,0,85,,6595,12,,,0,40,,6596,12,,,0,80,,6597,12,,,0,80,,6598,12,,,0
1000900,'100016',525,,6609,12,,,0,30,,6610,12,,,0,70,,6611,12,,,0,30,,6612,12,,,0,70,,6613,12,,,0,30,,6614,12,,,0,62,,6615,12,,,0,28,,6616,12,,,0,75,,6617,12,,,0,20,,6618,12,,,0,70,,6619,12,,,0,30,,6620,12,,,0,70,,6621,12,,,0,30,,6622,12,,,0,70,,6623,12,,,0,30,,6624,12,,,0,70,,6625,12,,,0,30,,6626,12,,,0,72,,6627,12,,,0,30,,6628,12,,,0,70,,6629,12,,,0,28,,6630,12,,,0,72,,6631,12,,,0,30,,6632,12,,,0,58,,6633,12,,,0,45,,6602,12,,,0,70,,6603,12,,,0,30,,6606,12,,,0,70,,6599,12,,,0,29,,6601,12,,,0,83,,6607,12,,,0,85,,6605,12,,,0,35,,6604,12,,,0,75,,6608,12,,,0,35,,6600,12,,,0
1000900,'100017',739,,6634,12,,,0,80,,6635,12,,,0,40,,6636,12,,,0,80,,6637,12,,,0,80,,6638,12,,,0,40,,6639,12,,,0,80,,6640,12,,,0,85,,6641,12,,,0,80,,6642,12,,,0,41,,6643,12,,,0,80,,6644,12,,,0,80,,6645,12,,,0,40,,6646,12,,,0,80,,6647,12,,,0,85,,6648,12,,,0,40,,6649,12,,,0,80,,6650,12,,,0,80,,6651,12,,,0
2000900,'100014',549,,6652,12,,,0,60,,6653,12,,,0,30,,6654,12,,,0,70,,6655,12,,,0,30,,6656,12,,,0,20,,6657,12,,,0,80,,6658,12,,,0,62,,6683,12,,,0,28,,6659,12,,,0,30,,6660,12,,,0,60,,6661,12,,,0,30,,6662,12,,,0,70,,6663,12,,,0,30,,6664,12,,,0,70,,6665,12,,,0,30,,6666,12,,,0,70,,6667,12,,,0,30,,6668,12,,,0,72,,6669,12,,,0,31,,6670,12,,,0,70,,6671,12,,,0,34,,6672,12,,,0,64,,6673,12,,,0,32,,6674,12,,,0,78,,6675,12,,,0,70,,6676,12,,,0,30,,6677,12,,,0,70,,6678,12,,,0,30,,6679,12,,,0,25,,6680,12,,,0,72,,6681,12,,,0,74,,6682,12,,,0,45,,6684,12,,,0,75,,6685,12,,,0,36,,6686,12,,,0
2000900,'100015',759,,6687,12,,,0,80,,6688,12,,,0,80,,6689,12,,,0,40,,6690,12,,,0,80,,6691,12,,,0,80,,6692,12,,,0,40,,6693,12,,,0,80,,6694,12,,,0,85,,6695,12,,,0,80,,6696,12,,,0,41,,6697,12,,,0,80,,6698,12,,,0,85,,6699,12,,,0,40,,6700,12,,,0,80,,6701,12,,,0,80,,6702,12,,,0,40,,6703,12,,,0
2000900,'100016',549,,6704,12,,,0,60,,6705,12,,,0,30,,6706,12,,,0,70,,6707,12,,,0,30,,6708,12,,,0,20,,6709,12,,,0,80,,6710,12,,,0,62,,6735,12,,,0,28,,6711,12,,,0,30,,6712,12,,,0,60,,6713,12,,,0,30,,6714,12,,,0,70,,6715,12,,,0,30,,6716,12,,,0,70,,6717,12,,,0,30,,6718,12,,,0,70,,6719,12,,,0,30,,6720,12,,,0,72,,6721,12,,,0,31,,6722,12,,,0,70,,6723,12,,,0,34,,6724,12,,,0,64,,6725,12,,,0,32,,6726,12,,,0,78,,6727,12,,,0,70,,6728,12,,,0,30,,6729,12,,,0,70,,6730,12,,,0,30,,6731,12,,,0,25,,6732,12,,,0,72,,6733,12,,,0,74,,6734,12,,,0,45,,6736,12,,,0,75,,6737,12,,,0,36,,6738,12,,,0
2000900,'100017',759,,6739,12,,,0,80,,6740,12,,,0,80,,6741,12,,,0,40,,6742,12,,,0,80,,6743,12,,,0,80,,6744,12,,,0,40,,6745,12,,,0,80,,6746,12,,,0,85,,6747,12,,,0,80,,6748,12,,,0,41,,6749,12,,,0,80,,6750,12,,,0,85,,6751,12,,,0,40,,6752,12,,,0,80,,6753,12,,,0,80,,6754,12,,,0,40,,6755,12,,,0
