201,'100014',549,,5513,16,,,0,70,,5480,16,,,0,30,,5488,16,,,0,70,,5481,16,,,0,30,,5489,16,,,0,70,,5482,16,,,0,40,,5490,16,,,0,70,,5483,16,,,0,30,,5491,16,,,0,70,,5484,16,,,0,30,,5492,16,,,0,70,,5485,16,,,0,30,,5493,16,,,0,70,,5486,16,,,0,79,,5511,16,,,0,35,,5487,16,,,0,75,,5494,16,,,0,35,,5501,16,,,0,75,,5495,16,,,0,75,,5502,16,,,0,35,,5496,16,,,0,79,,5512,16,,,0,84,,5503,16,,,0,30,,5497,16,,,0,70,,5504,16,,,0,30,,5498,16,,,0,70,,5505,16,,,0,45,,5499,16,,,0,70,,5506,16,,,0,30,,5500,16,,,0,70,,5507,16,,,0,30,,5508,16,,,0,72,,5509,16,,,0
201,'100015',757,,5520,16,,,0,70,,5524,16,,,0,30,,5521,16,,,0,70,,5533,16,,,0,30,,5523,16,,,0,70,,5522,16,,,0,30,,5525,16,,,0,70,,5526,16,,,0,30,,5515,16,,,0,70,,5538,16,,,0,85,,5528,16,,,0,30,,5529,16,,,0,70,,5530,16,,,0,30,,5531,16,,,0,70,,5532,16,,,0,30,,5535,16,,,0,70,,5536,16,,,0,45,,5534,16,,,0,70,,5516,16,,,0,30,,5519,16,,,0,70,,5518,16,,,0,30,,5517,16,,,0,70,,5527,16,,,0
201,'100016',549,,5573,16,,,0,70,,5540,16,,,0,30,,5548,16,,,0,70,,5541,16,,,0,30,,5549,16,,,0,70,,5542,16,,,0,40,,5550,16,,,0,70,,5543,16,,,0,30,,5551,16,,,0,70,,5544,16,,,0,30,,5552,16,,,0,70,,5545,16,,,0,30,,5553,16,,,0,70,,5546,16,,,0,79,,5571,16,,,0,35,,5547,16,,,0,75,,5554,16,,,0,35,,5561,16,,,0,75,,5555,16,,,0,75,,5562,16,,,0,35,,5556,16,,,0,79,,5572,16,,,0,84,,5563,16,,,0,30,,5557,16,,,0,70,,5564,16,,,0,30,,5558,16,,,0,70,,5565,16,,,0,45,,5559,16,,,0,70,,5566,16,,,0,30,,5560,16,,,0,70,,5567,16,,,0,30,,5568,16,,,0,72,,5569,16,,,0
201,'100017',757,,5575,16,,,0,70,,5576,16,,,0,30,,5577,16,,,0,70,,5578,16,,,0,30,,5579,16,,,0,70,,5580,16,,,0,30,,5581,16,,,0,70,,5582,16,,,0,30,,5583,16,,,0,70,,5584,16,,,0,85,,5585,16,,,0,30,,5586,16,,,0,70,,5587,16,,,0,30,,5588,16,,,0,70,,5589,16,,,0,30,,5590,16,,,0,70,,5599,16,,,0,45,,5592,16,,,0,70,,5593,16,,,0,30,,5594,16,,,0,70,,5595,16,,,0,30,,5596,16,,,0,70,,5591,16,,,0
2100,'100014',655,,6278,19,,,0,75,,6264,19,,,0,75,,6279,19,,,0,35,,6265,19,,,0,75,,6280,19,,,0,34,,6266,19,,,0,75,,6281,19,,,0,35,,6267,19,,,0,75,,6282,19,,,0,75,,6268,19,,,0,38,,6283,19,,,0,75,,6269,19,,,0,35,,6284,19,,,0,75,,6270,19,,,0,75,,6285,19,,,0,35,,6271,19,,,0,76,,6286,19,,,0,34,,6272,19,,,0,75,,6287,19,,,0,79,,6273,19,,,0,37,,6288,19,,,0,73,,6274,19,,,0,39,,6289,19,,,0,71,,6275,19,,,0,79,,6290,19,,,0,40,,6276,19,,,0,70,,6277,19,,,0,30,,6291,19,,,0,70,,6292,19,,,0,30,,6293,19,,,0
2100,'100015',833,,6302,19,,,0,75,,6295,19,,,0,35,,6303,19,,,0,75,,6296,19,,,0,35,,6312,19,,,0,75,,6311,19,,,0,75,,6304,19,,,0,35,,6297,19,,,0,75,,6305,19,,,0,35,,6298,19,,,0,75,,6306,19,,,0,35,,6299,19,,,0,75,,6313,19,,,0,75,,6310,19,,,0,35,,6307,19,,,0,75,,6300,19,,,0,35,,6308,19,,,0,80,,6301,19,,,0,75,,6309,19,,,0,35,,6294,19,,,0
2100,'100016',655,,6328,19,,,0,75,,6314,19,,,0,75,,6329,19,,,0,35,,6315,19,,,0,75,,6330,19,,,0,34,,6316,19,,,0,75,,6331,19,,,0,35,,6317,19,,,0,75,,6332,19,,,0,75,,6318,19,,,0,38,,6333,19,,,0,75,,6319,19,,,0,35,,6334,19,,,0,75,,6320,19,,,0,75,,6335,19,,,0,35,,6321,19,,,0,76,,6336,19,,,0,34,,6322,19,,,0,75,,6337,19,,,0,79,,6323,19,,,0,37,,6338,19,,,0,73,,6324,19,,,0,39,,6339,19,,,0,71,,6325,19,,,0,79,,6340,19,,,0,40,,6326,19,,,0,70,,6327,19,,,0,30,,6341,19,,,0,70,,6342,19,,,0,30,,6343,19,,,0
2100,'100017',833,,6344,19,,,0,75,,6345,19,,,0,35,,6346,19,,,0,75,,6347,19,,,0,35,,6348,19,,,0,75,,6349,19,,,0,75,,6350,19,,,0,35,,6351,19,,,0,75,,6352,19,,,0,35,,6353,19,,,0,75,,6354,19,,,0,35,,6355,19,,,0,75,,6356,19,,,0,75,,6357,19,,,0,35,,6358,19,,,0,75,,6359,19,,,0,35,,6360,19,,,0,80,,6361,19,,,0,75,,6362,19,,,0,35,,6363,19,,,0
3100,'100014',549,,6464,11,,,0,70,,6465,11,,,0,30,,6466,11,,,0,70,,6467,11,,,0,30,,6468,11,,,0,70,,6469,11,,,0,30,,6470,11,,,0,70,,6471,11,,,0,537,,6472,11,,,0,75,,6473,11,,,0,75,,6474,11,,,0,35,,6475,11,,,0,78,,6476,11,,,0,83,,6477,11,,,0,30,,6478,11,,,0,70,,6479,11,,,0
3100,'100016',549,,6480,11,,,0,70,,6481,11,,,0,30,,6482,11,,,0,70,,6483,11,,,0,30,,6484,11,,,0,70,,6485,11,,,0,30,,6486,11,,,0,70,,6487,11,,,0,537,,6488,11,,,0,75,,6489,11,,,0,75,,6490,11,,,0,35,,6491,11,,,0,78,,6492,11,,,0,83,,6493,11,,,0,30,,6494,11,,,0,70,,6495,11,,,0
