700,'100013',531,,6086,14,,,0,70,,6096,14,,,0,30,,6087,14,,,0,18,,6114,14,,,0,52,,6097,14,,,0,30,,6088,14,,,0,70,,6098,14,,,0,40,,6107,14,,,0,70,,6089,14,,,0,30,,6108,14,,,0,70,,6090,14,,,0,30,,6115,14,,,0,70,,6091,14,,,0,30,,6116,14,,,0,70,,6092,14,,,0,40,,6117,14,,,0,75,,6093,14,,,0,75,,6099,14,,,0,35,,6094,14,,,0,75,,6100,14,,,0,35,,6095,14,,,0,75,,6101,14,,,0,80,,6102,14,,,0,43,,6109,14,,,0,70,,6103,14,,,0,30,,6110,14,,,0,70,,6104,14,,,0,30,,6111,14,,,0,85,,6105,14,,,0,30,,6112,14,,,0,70,,6106,14,,,0,30,,6113,14,,,0,70,,6118,14,,,0,30,,6119,14,,,0
700,'100014',809,,6120,14,,,0,100,,6121,14,,,0,100,,6122,14,,,0,100,,6123,14,,,0,100,,6124,14,,,0,115,,6125,14,,,0,100,,6126,14,,,0,100,,6127,14,,,0,115,,6128,14,,,0,100,,6129,14,,,0,100,,6130,14,,,0
700,'100015',531,,6131,14,,,0,70,,6141,14,,,0,30,,6132,14,,,0,18,,6159,14,,,0,52,,6142,14,,,0,30,,6133,14,,,0,70,,6143,14,,,0,40,,6152,14,,,0,70,,6134,14,,,0,30,,6153,14,,,0,70,,6135,14,,,0,30,,6160,14,,,0,70,,6136,14,,,0,30,,6161,14,,,0,70,,6137,14,,,0,40,,6162,14,,,0,75,,6138,14,,,0,75,,6144,14,,,0,35,,6139,14,,,0,75,,6145,14,,,0,35,,6140,14,,,0,75,,6146,14,,,0,80,,6147,14,,,0,43,,6154,14,,,0,70,,6148,14,,,0,30,,6155,14,,,0,70,,6149,14,,,0,30,,6156,14,,,0,85,,6150,14,,,0,30,,6157,14,,,0,70,,6151,14,,,0,30,,6158,14,,,0,70,,6163,14,,,0,30,,6164,14,,,0
700,'100016',809,,6165,14,,,0,100,,6166,14,,,0,100,,6167,14,,,0,100,,6168,14,,,0,100,,6169,14,,,0,115,,6170,14,,,0,100,,6171,14,,,0,100,,6172,14,,,0,115,,6173,14,,,0,100,,6174,14,,,0,100,,6175,14,,,0
800,'100013',601,,6191,13,,,0,30,,6176,13,,,0,70,,6192,13,,,0,30,,6177,13,,,0,70,,6193,13,,,0,40,,6194,13,,,0,69,,6178,13,,,0,30,,6202,13,,,0,70,,6179,13,,,0,30,,6203,13,,,0,70,,6180,13,,,0,30,,6204,13,,,0,70,,6181,13,,,0,40,,6205,13,,,0,75,,6182,13,,,0,75,,6195,13,,,0,35,,6183,13,,,0,75,,6184,13,,,0,35,,6196,13,,,0,75,,6185,13,,,0,80,,6197,13,,,0,44,,6186,13,,,0,70,,6198,13,,,0,30,,6187,13,,,0,70,,6199,13,,,0,30,,6188,13,,,0,85,,6200,13,,,0,30,,6189,13,,,0,70,,6201,13,,,0,30,,6190,13,,,0,68,,6207,13,,,0,28,,6206,13,,,0
800,'100014',738,,6208,13,,,0,100,,6214,13,,,0,100,,6209,13,,,0,100,,6215,13,,,0,100,,6210,13,,,0,115,,6216,13,,,0,100,,6211,13,,,0,100,,6217,13,,,0,100,,6212,13,,,0,155,,6218,13,,,0,100,,6213,13,,,0,100,,6219,13,,,0
800,'100015',601,,6235,13,,,0,30,,6220,13,,,0,70,,6236,13,,,0,30,,6221,13,,,0,70,,6237,13,,,0,40,,6238,13,,,0,69,,6222,13,,,0,30,,6246,13,,,0,70,,6223,13,,,0,30,,6247,13,,,0,70,,6224,13,,,0,30,,6248,13,,,0,70,,6225,13,,,0,40,,6249,13,,,0,75,,6226,13,,,0,75,,6239,13,,,0,35,,6227,13,,,0,75,,6228,13,,,0,35,,6240,13,,,0,75,,6229,13,,,0,80,,6241,13,,,0,44,,6230,13,,,0,70,,6242,13,,,0,30,,6231,13,,,0,70,,6243,13,,,0,30,,6232,13,,,0,85,,6244,13,,,0,30,,6233,13,,,0,70,,6245,13,,,0,30,,6234,13,,,0,68,,6251,13,,,0,28,,6250,13,,,0
800,'100016',738,,6252,13,,,0,100,,6253,13,,,0,100,,6254,13,,,0,100,,6255,13,,,0,100,,6256,13,,,0,115,,6257,13,,,0,100,,6258,13,,,0,100,,6259,13,,,0,100,,6260,13,,,0,155,,6261,13,,,0,100,,6262,13,,,0,100,,6263,13,,,0
5001,'100015',1504,,6529,10,,,0
5300,'100015',802,,6536,30,,,0
5301,'100015',1523,,6537,17,,,0
5501,'100015',1458,,6543,3,,,0
