700,'100013',533,,6086,17,,,0,70,,6096,17,,,0,30,,6087,17,,,0,18,,6114,17,,,0,52,,6097,17,,,0,30,,6088,17,,,0,70,,6098,17,,,0,40,,6107,17,,,0,70,,6089,17,,,0,30,,6108,17,,,0,70,,6090,17,,,0,30,,6115,17,,,0,70,,6091,17,,,0,30,,6116,17,,,0,70,,6092,17,,,0,41,,6117,17,,,0,75,,6093,17,,,0,75,,6099,17,,,0,35,,6094,17,,,0,75,,6100,17,,,0,35,,6095,17,,,0,75,,6101,17,,,0,80,,6102,17,,,0,42,,6109,17,,,0,70,,6103,17,,,0,30,,6110,17,,,0,70,,6104,17,,,0,30,,6111,17,,,0,86,,6105,17,,,0,70,,6112,17,,,0,30,,6106,17,,,0,70,,6113,17,,,0,30,,6118,17,,,0,70,,6119,17,,,0
700,'100014',811,,6120,17,,,0,100,,6121,17,,,0,100,,6122,17,,,0,100,,6123,17,,,0,100,,6124,17,,,0,115,,6125,17,,,0,100,,6126,17,,,0,100,,6127,17,,,0,115,,6128,17,,,0,100,,6129,17,,,0,100,,6130,17,,,0
700,'100015',533,,6131,17,,,0,70,,6141,17,,,0,30,,6132,17,,,0,18,,6159,17,,,0,52,,6142,17,,,0,30,,6133,17,,,0,70,,6143,17,,,0,40,,6152,17,,,0,70,,6134,17,,,0,30,,6153,17,,,0,70,,6135,17,,,0,30,,6160,17,,,0,70,,6136,17,,,0,30,,6161,17,,,0,70,,6137,17,,,0,41,,6162,17,,,0,75,,6138,17,,,0,75,,6144,17,,,0,35,,6139,17,,,0,75,,6145,17,,,0,35,,6140,17,,,0,75,,6146,17,,,0,80,,6147,17,,,0,42,,6154,17,,,0,70,,6148,17,,,0,30,,6155,17,,,0,70,,6149,17,,,0,30,,6156,17,,,0,86,,6150,17,,,0,70,,6157,17,,,0,30,,6151,17,,,0,70,,6158,17,,,0,30,,6163,17,,,0,70,,6164,17,,,0
700,'100016',811,,6165,17,,,0,100,,6166,17,,,0,100,,6167,17,,,0,100,,6168,17,,,0,100,,6169,17,,,0,115,,6170,17,,,0,100,,6171,17,,,0,100,,6172,17,,,0,115,,6173,17,,,0,100,,6174,17,,,0,100,,6175,17,,,0
5000,'100015',734,,6528,19,,,0
5001,'100015',1522,,6529,32,,,0
5100,'100015',739,,6530,19,,,0
5101,'100015',1500,,6531,30,,,0
5300,'100015',746,,6536,8,,,0
5301,'100015',1537,,6537,32,,,0
