100,2329,1,0,0
100,2330,2,0,0
100,2331,3,0,0
100,2332,4,0,0
100,2333,5,0,0
100,2334,6,0,0
100,2335,7,0,0
100,2336,8,0,0
100,2337,9,0,0
100,2338,10,0,0
100,2339,11,0,0
100,2340,12,0,0
100,2341,13,0,0
100,2342,14,0,0
100,2343,15,0,0
100,2344,16,0,0
100,2345,17,0,0
100,2346,18,0,0
100,2347,19,0,0
100,2348,20,0,0
100,2349,21,0,0
100,2350,22,0,0
100,2060,23,0,0
100,2061,24,0,0
100,2017,25,0,0
100,2351,26,1,1
101,2351,1,0,0
101,2306,2,0,0
101,2020,3,0,0
101,2021,4,0,0
101,2352,5,0,0
101,2353,6,0,0
101,2354,7,0,0
101,2355,8,0,0
101,2356,9,0,0
101,2357,10,0,0
101,2358,11,0,0
101,2359,12,0,0
101,2360,13,0,0
101,2361,14,0,0
101,2362,15,0,0
101,2363,16,0,0
101,2517,17,0,0
101,2364,18,0,0
101,2365,19,0,0
101,2366,20,0,0
101,2333,21,0,0
101,2324,22,0,0
101,2325,23,0,0
101,2326,24,0,0
101,2327,25,0,0
101,2328,26,0,0
101,2329,27,1,1
200,2038,1,0,0
200,2039,2,0,0
200,2040,3,0,0
200,2041,4,0,0
200,2042,5,0,0
200,2043,6,0,0
200,2044,7,0,0
200,2045,8,0,0
200,2046,9,0,0
200,2047,10,0,0
200,2048,11,0,0
200,2049,12,0,0
200,2050,13,0,0
200,2051,14,0,0
200,2052,15,0,0
200,2054,16,0,0
200,2055,17,0,0
200,2056,18,0,0
200,2057,19,0,0
200,2058,20,0,0
200,2059,21,0,0
200,2060,22,0,0
200,2061,23,0,0
200,2017,24,0,0
200,2203,25,0,0
200,2306,26,0,0
200,2063,27,0,0
200,2064,28,0,0
200,2065,29,0,0
200,2066,30,0,0
200,2067,31,0,0
200,2068,32,0,0
200,2069,33,0,0
200,2070,34,0,0
200,2071,35,0,0
200,2072,36,0,0
200,2073,37,0,0
200,2074,38,0,0
200,2075,39,0,0
200,2076,40,0,0
200,2077,41,0,0
200,2078,42,0,0
200,2001,43,1,1
201,2001,1,0,0
201,2002,2,0,0
201,2003,3,0,0
201,2004,4,0,0
201,2005,5,0,0
201,2006,6,0,0
201,2007,7,0,0
201,2008,8,0,0
201,2009,9,0,0
201,2010,10,0,0
201,2011,11,0,0
201,2012,12,0,0
201,2013,13,0,0
201,2014,14,0,0
201,2015,15,0,0
201,2016,16,0,0
201,2017,17,0,0
201,2203,18,0,0
201,2306,19,0,0
201,2020,20,0,0
201,2021,21,0,0
201,2022,22,0,0
201,2023,23,0,0
201,2024,24,0,0
201,2025,25,0,0
201,2026,26,0,0
201,2027,27,0,0
201,2028,28,0,0
201,2030,29,0,0
201,2031,30,0,0
201,2032,31,0,0
201,2033,32,0,0
201,2034,33,0,0
201,2035,34,0,0
201,2036,35,0,0
201,2037,36,0,0
201,2038,37,1,1
300,2482,1,0,0
300,2472,2,0,0
300,2484,3,0,0
300,2515,4,0,0
300,2254,5,0,0
300,2255,6,0,0
300,2256,7,0,0
300,2486,8,0,0
300,2487,9,0,0
300,2488,10,0,0
300,2489,11,0,0
300,2491,12,0,0
300,2481,13,0,0
300,2401,14,0,0
300,2518,15,0,0
300,2492,16,0,0
300,2291,17,0,0
300,2292,18,0,0
300,2293,19,0,0
300,2294,20,0,0
300,2295,21,0,0
300,2296,22,0,0
300,2297,23,0,0
300,2298,24,0,0
300,2299,25,0,0
300,2300,26,0,0
300,2301,27,0,0
300,2302,28,0,0
300,2303,29,0,0
300,2304,30,0,0
300,2305,31,0,0
300,2166,32,0,0
300,2167,33,0,0
300,2168,34,0,0
300,2123,35,1,1
301,2123,1,0,0
301,2125,2,0,0
301,2266,3,0,0
301,2267,4,0,0
301,2268,5,0,0
301,2269,6,0,0
301,2270,7,0,0
301,2271,8,0,0
301,2272,9,0,0
301,2273,10,0,0
301,2274,11,0,0
301,2275,12,0,0
301,2276,13,0,0
301,2277,14,0,0
301,2278,15,0,0
301,2279,16,0,0
301,2280,17,0,0
301,2281,18,0,0
301,2282,19,0,0
301,2283,20,0,0
301,2285,21,0,0
301,2286,22,0,0
301,2147,23,0,0
301,2148,24,0,0
301,2149,25,0,0
301,2150,26,0,0
301,2152,27,0,0
301,2490,28,0,0
301,2461,29,0,0
301,2462,30,0,0
301,2451,31,0,0
301,2485,32,0,0
301,2414,33,0,0
301,2415,34,0,0
301,2389,35,0,0
301,2483,36,0,0
301,2471,37,0,0
301,2482,38,1,1
400,2123,1,0,0
400,2125,2,0,0
400,2126,3,0,0
400,2127,4,0,0
400,2128,5,0,0
400,2129,6,0,0
400,2130,7,0,0
400,2131,8,0,0
400,2132,9,0,0
400,2133,10,0,0
400,2134,11,0,0
400,2135,12,0,0
400,2136,13,0,0
400,2137,14,0,0
400,2138,15,0,0
400,2139,16,0,0
400,2140,17,0,0
400,2141,18,0,0
400,2142,19,0,0
400,2143,20,0,0
400,2144,21,0,0
400,2145,22,0,0
400,2147,23,0,0
400,2148,24,0,0
400,2149,25,0,0
400,2150,26,0,0
400,2152,27,0,0
400,2153,28,0,0
400,2155,29,0,0
400,2156,30,0,0
400,2158,31,0,0
400,2159,32,0,0
400,2160,33,0,0
400,2161,34,0,0
400,2162,35,0,0
400,2163,36,0,0
400,2164,37,0,0
400,2165,38,0,0
400,2166,39,0,0
400,2167,40,0,0
400,2168,41,0,0
400,2540,42,1,1
400,2017,43,0,0
400,2306,44,0,0
400,2203,45,1,1
500,2203,1,0,0
500,2125,2,0,0
500,2204,3,0,0
500,2205,4,0,0
500,2206,5,0,0
500,2207,6,0,0
500,2208,7,0,0
500,2209,8,0,0
500,2210,9,0,0
500,2211,10,0,0
500,2212,11,0,0
500,2213,12,0,0
500,2214,13,0,0
500,2215,14,0,0
500,2120,15,0,0
500,2216,16,0,0
500,2217,17,0,0
500,2218,18,0,0
500,2220,19,0,0
500,2221,20,0,0
500,2222,21,0,0
500,2223,22,0,0
500,2224,23,0,0
500,2225,24,0,0
500,2226,25,0,0
500,2227,26,0,0
500,2228,27,0,0
500,2229,28,0,0
500,2230,29,0,0
500,2231,30,0,0
500,2232,31,0,0
500,2233,32,0,0
500,2235,33,0,0
500,2236,34,0,0
500,2237,35,0,0
500,2238,36,0,0
500,2239,37,0,0
500,2240,38,0,0
500,2241,39,0,0
500,2242,40,0,0
500,2243,41,0,0
500,2244,42,0,0
500,2395,43,0,0
500,2396,44,0,0
500,2397,45,0,0
500,2398,46,0,0
500,2399,47,0,0
500,2306,48,0,0
500,2017,49,0,0
500,2169,50,1,1
600,2169,1,0,0
600,2019,2,0,0
600,2020,3,0,0
600,2021,4,0,0
600,2022,5,0,0
600,2023,6,0,0
600,2024,7,0,0
600,2080,8,0,0
600,2029,9,0,0
600,2082,10,0,0
600,2083,11,0,0
600,2084,12,0,0
600,2085,13,0,0
600,2086,14,0,0
600,2087,15,0,0
600,2088,16,0,0
600,2089,17,0,0
600,2090,18,0,0
600,2091,19,0,0
600,2092,20,0,0
600,2093,21,0,0
600,2094,22,0,0
600,2096,23,0,0
600,2097,24,0,0
600,2098,25,0,0
600,2100,26,0,0
600,2496,27,0,0
600,2497,28,0,0
600,2498,29,0,0
600,2109,30,0,0
600,2052,31,0,0
600,2054,32,0,0
600,2110,33,0,0
600,2058,34,0,0
600,2059,35,0,0
600,2060,36,0,0
600,2061,37,0,0
600,2017,38,0,0
600,2203,39,1,1
700,2540,1,0,0
700,2019,2,0,0
700,2020,3,0,0
700,2380,4,0,0
700,2210,5,0,0
700,2211,6,0,0
700,2212,7,0,0
700,2213,8,0,0
700,2214,9,0,0
700,2215,10,0,0
700,2245,11,0,0
700,2175,12,0,0
700,2176,13,0,0
700,2177,14,0,0
700,2178,15,0,0
700,2179,16,0,0
700,2180,17,0,0
700,2181,18,0,0
700,2182,19,0,0
700,2183,20,0,0
700,2184,21,0,0
700,2185,22,0,0
700,2186,23,0,0
700,2188,24,0,0
700,2189,25,0,0
700,2190,26,0,0
700,2191,27,0,0
700,2192,28,0,0
700,2193,29,0,0
700,2038,30,0,0
700,2039,31,0,0
700,2195,32,0,0
700,2265,33,0,0
700,2239,34,0,0
700,2240,35,0,0
700,2241,36,0,0
700,2242,37,0,0
700,2243,38,0,0
700,2244,39,0,0
700,2119,40,0,0
700,2060,41,0,0
700,2061,42,0,0
700,2017,43,0,0
700,2123,44,1,1
800,2203,1,0,0
800,2125,2,0,0
800,2126,3,0,0
800,2127,4,0,0
800,2128,5,0,0
800,2129,6,0,0
800,2170,7,0,0
800,2172,8,0,0
800,2173,9,0,0
800,2121,10,0,0
800,2175,11,0,0
800,2176,12,0,0
800,2177,13,0,0
800,2178,14,0,0
800,2246,15,0,0
800,2248,16,0,0
800,2249,17,0,0
800,2250,18,0,0
800,2251,19,0,0
800,2253,20,0,0
800,2254,21,0,0
800,2255,22,0,0
800,2257,23,0,0
800,2258,24,0,0
800,2259,25,0,0
800,2260,26,0,0
800,2261,27,0,0
800,2262,28,0,0
800,2263,29,0,0
800,2264,30,0,0
800,2195,31,0,0
800,2197,32,0,0
800,2199,33,0,0
800,2200,34,0,0
800,2202,35,0,0
800,2162,36,0,0
800,2163,37,0,0
800,2164,38,0,0
800,2165,39,0,0
800,2166,40,0,0
800,2306,41,0,0
800,2017,42,0,0
800,2123,43,1,1
2100,4011,1,0,0
2100,4112,2,0,0
2100,4012,3,0,0
2100,4113,4,0,0
2100,4013,5,0,0
2100,4014,6,0,0
2100,4015,7,0,0
2100,4016,8,0,0
2100,4017,9,0,0
2100,4018,10,0,0
2100,4019,11,0,0
2100,4020,12,0,0
2100,4021,13,0,0
2100,4022,14,0,0
2100,4023,15,0,0
2100,2013,16,0,0
2100,2014,17,0,0
2100,2015,18,0,0
2100,2016,19,0,0
2100,2017,20,0,0
2100,2203,21,1,1
2101,2203,1,0,0
2101,2306,2,0,0
2101,2063,3,0,0
2101,2064,4,0,0
2101,2065,5,0,0
2101,2066,6,0,0
2101,4001,7,0,0
2101,4002,8,0,0
2101,4003,9,0,0
2101,4004,10,0,0
2101,4005,11,0,0
2101,4006,12,0,0
2101,4007,13,0,0
2101,4008,14,0,0
2101,4010,15,0,0
2101,4009,16,0,0
2101,4110,17,0,0
2101,4111,18,0,0
2101,4011,19,1,1
3100,2524,1,0,0
3100,2525,2,0,0
3100,2526,3,0,0
3100,2527,4,0,0
3100,2528,5,0,0
3100,2529,6,0,0
3100,4023,7,0,0
3100,2013,8,0,0
3100,2014,9,0,0
3100,2015,10,0,0
3100,2016,11,0,0
3100,2017,12,0,0
3100,2519,13,1,1
3101,2519,1,0,0
3101,2306,2,0,0
3101,2063,3,0,0
3101,2064,4,0,0
3101,2065,5,0,0
3101,2066,6,0,0
3101,4001,7,0,0
3101,2520,8,0,0
3101,2521,9,0,0
3101,2522,10,0,0
3101,2523,11,0,0
3101,2524,12,1,1
5000,2094,1,0,0
5000,2096,2,0,0
5000,2097,3,0,0
5000,2098,4,0,0
5000,2100,5,0,0
5000,2496,6,0,0
5000,2497,7,0,0
5000,2498,8,0,0
5000,2083,9,0,0
5000,2084,10,0,0
5000,2085,11,0,0
5000,2086,12,0,0
5000,2087,13,0,0
5000,2088,14,0,0
5000,2089,15,0,0
5000,2090,16,0,0
5000,2091,17,0,0
5000,2092,18,0,0
5000,2180,19,0,0
5000,2181,20,0,0
5000,2182,21,0,0
5000,2183,22,0,0
5000,2184,23,0,0
5000,2185,24,0,0
5000,2186,25,0,0
5000,2188,26,0,0
5000,2189,27,0,0
5000,2190,28,0,0
5000,2191,29,0,0
5000,2192,30,0,0
5000,2193,31,0,0
5000,2038,32,0,0
5000,2039,33,0,0
5000,2195,34,0,0
5000,2197,35,0,0
5000,2199,36,0,0
5000,2200,37,0,0
5000,2236,38,0,0
5000,2237,39,0,0
5000,2238,40,0,0
5000,2042,41,1,1
5001,2400,1,0,0
5001,2120,2,0,0
5001,2216,3,0,0
5001,2217,4,0,0
5001,2218,5,0,0
5001,2173,6,0,0
5001,2121,7,0,0
5001,2175,8,0,0
5001,2176,9,0,0
5001,2177,10,0,0
5001,2178,11,0,0
5001,2179,12,0,0
5001,2093,13,0,0
5001,2094,14,0,0
5001,2096,15,0,0
5001,2097,16,0,0
5001,2098,17,0,0
5001,2100,18,0,0
5001,2496,19,0,0
5001,2497,20,0,0
5001,2498,21,0,0
5001,2083,22,0,0
5001,2084,23,0,0
5001,2085,24,0,0
5001,2086,25,0,0
5001,2087,26,0,0
5001,2088,27,0,0
5001,2089,28,0,0
5001,2090,29,0,0
5001,2091,30,0,0
5001,2092,31,0,0
5001,2180,32,0,0
5001,2181,33,0,0
5001,2182,34,0,0
5001,2183,35,0,0
5001,2184,36,0,0
5001,2185,37,0,0
5001,2186,38,0,0
5001,2188,39,0,0
5001,2189,40,0,0
5001,2190,41,1,1
5100,2094,1,0,0
5100,2096,2,0,0
5100,2097,3,0,0
5100,2098,4,0,0
5100,2100,5,0,0
5100,2496,6,0,0
5100,2497,7,0,0
5100,2498,8,0,0
5100,2083,9,0,0
5100,2084,10,0,0
5100,2085,11,0,0
5100,2086,12,0,0
5100,2087,13,0,0
5100,2088,14,0,0
5100,2089,15,0,0
5100,2090,16,0,0
5100,2091,17,0,0
5100,2092,18,0,0
5100,2180,19,0,0
5100,2181,20,0,0
5100,2182,21,0,0
5100,2183,22,0,0
5100,2184,23,0,0
5100,2185,24,0,0
5100,2186,25,0,0
5100,2188,26,0,0
5100,2189,27,0,0
5100,2190,28,0,0
5100,2191,29,0,0
5100,2192,30,0,0
5100,2193,31,0,0
5100,2246,32,0,0
5100,2248,33,0,0
5100,2249,34,0,0
5100,2250,35,0,0
5100,2251,36,0,0
5100,2253,37,0,0
5100,2254,38,1,1
5101,2254,1,0,0
5101,2255,2,0,0
5101,2424,3,0,0
5101,2425,4,0,0
5101,2426,5,0,0
5101,2427,6,0,0
5101,2428,7,0,0
5101,2429,8,0,0
5101,2430,9,0,0
5101,2179,10,0,0
5101,2093,11,0,0
5101,2094,12,0,0
5101,2096,13,0,0
5101,2097,14,0,0
5101,2098,15,0,0
5101,2100,16,0,0
5101,2496,17,0,0
5101,2497,18,0,0
5101,2498,19,0,0
5101,2083,20,0,0
5101,2084,21,0,0
5101,2085,22,0,0
5101,2086,23,0,0
5101,2087,24,0,0
5101,2088,25,0,0
5101,2089,26,0,0
5101,2090,27,0,0
5101,2091,28,0,0
5101,2092,29,0,0
5101,2180,30,0,0
5101,2181,31,0,0
5101,2182,32,0,0
5101,2183,33,0,0
5101,2184,34,0,0
5101,2185,35,0,0
5101,2186,36,0,0
5101,2188,37,0,0
5101,2189,38,0,0
5101,2190,39,1,1
5200,2225,1,0,0
5200,2226,2,0,0
5200,2227,3,0,0
5200,2228,4,0,0
5200,2229,5,0,0
5200,2230,6,0,0
5200,2231,7,0,0
5200,2232,8,0,0
5200,2233,9,0,0
5200,2221,10,0,0
5200,2222,11,0,0
5200,2223,12,0,0
5200,6110,13,0,0
5200,2403,14,0,0
5200,2133,15,0,0
5200,2134,16,0,0
5200,2135,17,0,0
5200,2136,18,0,0
5200,2137,19,0,0
5200,2138,20,0,0
5200,2139,21,0,0
5200,2140,22,0,0
5200,2141,23,0,0
5200,2142,24,0,0
5200,2143,25,0,0
5200,2144,26,0,0
5200,2290,27,0,0
5200,2282,28,0,0
5200,2283,29,0,0
5200,2285,30,0,0
5200,2286,31,0,0
5200,2147,32,0,0
5200,2153,33,0,0
5200,2481,34,0,0
5200,2401,35,1,1
5201,2481,1,0,0
5201,2401,2,0,0
5201,2492,3,0,0
5201,2145,4,0,0
5201,2147,5,0,0
5201,2490,6,0,0
5201,2155,7,0,0
5201,2224,8,0,0
5201,2225,9,0,0
5201,2226,10,0,0
5201,2227,11,0,0
5201,2228,12,0,0
5201,2229,13,0,0
5201,2230,14,0,0
5201,2231,15,0,0
5201,2232,16,0,0
5201,2233,17,0,0
5201,2221,18,0,0
5201,2222,19,0,0
5201,2223,20,0,0
5201,6110,21,0,0
5201,2403,22,0,0
5201,2133,23,0,0
5201,2134,24,0,0
5201,2135,25,0,0
5201,2136,26,0,0
5201,2137,27,0,0
5201,2138,28,0,0
5201,2139,29,0,0
5201,2140,30,0,0
5201,2141,31,0,0
5201,2142,32,0,0
5201,2143,33,0,0
5201,2144,34,1,1
5300,2186,1,0,0
5300,2188,2,0,0
5300,2189,3,0,0
5300,2190,4,0,0
5300,2191,5,0,0
5300,2192,6,0,0
5300,2193,7,0,0
5300,2180,8,0,0
5300,2181,9,0,0
5300,2182,10,0,0
5300,2183,11,0,0
5300,2184,12,0,0
5300,2185,13,0,0
5300,2513,14,0,0
5300,2514,15,0,0
5300,2515,16,0,0
5300,2254,17,0,0
5300,2255,18,0,0
5300,2256,19,0,0
5300,2257,20,0,0
5300,2258,21,0,0
5300,2259,22,0,0
5300,2260,23,0,0
5300,2261,24,0,0
5300,2262,25,0,0
5300,2408,26,0,0
5300,2263,27,0,0
5300,2264,28,0,0
5300,2176,29,0,0
5300,2177,30,0,0
5300,2178,31,0,0
5300,2246,32,0,0
5300,2248,33,0,0
5300,2249,34,0,0
5300,2250,35,0,0
5300,2251,36,0,0
5300,2253,37,0,0
5300,2500,38,1,1
5301,2500,1,0,0
5301,2424,2,0,0
5301,2425,3,0,0
5301,2254,4,0,0
5301,2255,5,0,0
5301,2256,6,0,0
5301,2257,7,0,0
5301,2258,8,0,0
5301,2259,9,0,0
5301,2260,10,0,0
5301,2261,11,0,0
5301,2262,12,0,0
5301,2408,13,0,0
5301,2263,14,0,0
5301,2264,15,0,0
5301,2176,16,0,0
5301,2177,17,0,0
5301,2178,18,0,0
5301,2246,19,0,0
5301,2248,20,0,0
5301,2249,21,0,0
5301,2250,22,0,0
5301,2251,23,0,0
5301,2253,24,0,0
5301,2186,25,0,0
5301,2188,26,0,0
5301,2189,27,0,0
5301,2190,28,0,0
5301,2191,29,0,0
5301,2192,30,0,0
5301,2193,31,0,0
5301,2180,32,0,0
5301,2181,33,0,0
5301,2182,34,0,0
5301,2183,35,0,0
5301,2184,36,0,0
5301,2185,37,1,1
5400,2479,1,0,0
5400,2478,2,0,0
5400,2493,3,0,0
5400,2477,4,0,0
5400,2476,5,0,0
5400,2480,6,0,0
5400,2481,7,0,0
5400,2401,8,1,1
5401,2481,1,0,0
5401,2401,2,0,0
5401,2492,3,0,0
5401,2145,4,0,0
5401,2147,5,0,0
5401,2148,6,0,0
5401,2149,7,0,0
5401,2150,8,0,0
5401,2152,9,0,0
5401,2490,10,0,0
5401,2461,11,0,0
5401,2462,12,0,0
5401,2479,13,0,0
5401,2478,14,0,0
5401,2493,15,0,0
5401,2477,16,0,0
5401,2476,17,1,1
5500,2475,1,0,0
5500,2473,2,0,0
5500,2474,3,0,0
5500,2472,4,0,0
5500,2484,5,0,0
5500,2515,6,0,0
5500,2426,7,0,0
5500,2427,8,0,0
5500,2428,9,0,0
5500,2429,10,0,0
5500,2430,11,0,0
5500,2038,12,0,0
5500,2039,13,0,0
5500,2040,14,0,0
5500,2041,15,0,0
5500,2042,16,1,1
5501,2400,1,0,0
5501,2176,2,0,0
5501,2177,3,0,0
5501,2178,4,0,0
5501,2246,5,0,0
5501,2248,6,0,0
5501,2249,7,0,0
5501,2250,8,0,0
5501,2251,9,0,0
5501,2253,10,0,0
5501,2483,11,0,0
5501,2471,12,0,0
5501,2475,13,0,0
5501,2473,14,0,0
5501,2474,15,1,1
5600,2475,1,0,0
5600,2473,2,0,0
5600,2474,3,0,0
5600,2472,4,0,0
5600,2484,5,0,0
5600,2515,6,0,0
5600,2500,7,1,1
5601,2500,1,0,0
5601,2475,2,0,0
5601,2473,3,0,0
5601,2474,4,0,0
5601,2472,5,0,0
5601,2484,6,0,0
5601,2515,7,1,1
1000900,2541,1,0,0
1000900,2123,2,0,0
1000900,2306,3,0,0
1000900,2020,4,0,0
1000900,2380,5,0,0
1000900,2210,6,0,0
1000900,2211,7,0,0
1000900,2212,8,0,0
1000900,2213,9,0,0
1000900,2214,10,0,0
1000900,2215,11,0,0
1000900,2245,12,0,0
1000900,2390,13,0,0
1000900,2504,14,0,0
1000900,2510,15,0,0
1000900,2505,16,0,0
1000900,2500,17,0,0
1000900,2416,18,0,0
1000900,2417,19,0,0
1000900,2418,20,0,0
1000900,2501,21,0,0
1000900,2502,22,0,0
1000900,2495,23,0,0
1000900,2460,24,0,0
1000900,2394,25,0,0
1000900,2265,26,0,0
1000900,2239,27,0,0
1000900,2240,28,0,0
1000900,2241,29,0,0
1000900,2242,30,0,0
1000900,2243,31,0,0
1000900,2244,32,0,0
1000900,2119,33,0,0
1000900,2060,34,0,0
1000900,2061,35,0,0
1000900,2017,36,0,0
2000900,2542,1,0,0
2000900,2123,2,0,0
2000900,2306,3,0,0
2000900,2020,4,0,0
2000900,2380,5,0,0
2000900,2210,6,0,0
2000900,2211,7,0,0
2000900,2212,8,0,0
2000900,2213,9,0,0
2000900,2214,10,0,0
2000900,2215,11,0,0
2000900,2245,12,0,0
2000900,2390,13,0,0
2000900,2479,14,0,0
2000900,2478,15,0,0
2000900,2493,16,0,0
2000900,2477,17,0,0
2000900,2476,18,0,0
2000900,2499,19,0,0
2000900,2494,20,0,0
2000900,2495,21,0,0
2000900,2460,22,0,0
2000900,2394,23,0,0
2000900,2265,24,0,0
2000900,2239,25,0,0
2000900,2240,26,0,0
2000900,2241,27,0,0
2000900,2242,28,0,0
2000900,2243,29,0,0
2000900,2244,30,0,0
2000900,2119,31,0,0
2000900,2060,32,0,0
2000900,2061,33,0,0
2000900,2017,34,0,0
