101,'100014',523,,5255,2,0,37 38 2 35 39 40,0,30,,5259,2,0,37 38 2 35 39 40,0,70,,5258,2,0,37 38 2 35 39 40,0,30,,5260,2,0,37 38 2 35 39 40,0,70,,5257,2,0,37 38 2 35 39 40,0,30,,5261,2,0,37 38 2 35 39 40,0,80,,5254,2,0,37 38 2 35 39 40,0,70,,5262,2,0,37 38 2 35 39 40,0,30,,5256,2,0,37 38 2 35 39 40,0,70,,5263,2,0,37 38 2 35 39 40,0,30,,5274,2,0,37 38 2 35 39 40,0,70,,5264,2,0,37 38 2 35 39 40,0,30,,5275,2,0,37 38 2 35 39 40,0,70,,5265,2,0,37 38 2 35 39 40,0,30,,5276,2,0,37 38 2 35 39 40,0,70,,5266,2,0,37 38 2 35 39 40,0,30,,5267,2,0,37 38 2 35 39 40,0,70,,5284,2,0,37 38 2 35 39 40,0,30,,5268,2,0,37 38 2 35 39 40,0,78,,5283,2,0,37 38 2 35 39 40,0,30,,5269,2,0,37 38 2 35 39 40,0,70,,5282,2,0,37 38 2 35 39 40,0,30,,5270,2,0,37 38 2 35 39 40,0,70,,5281,2,0,37 38 2 35 39 40,0,30,,5271,2,0,37 38 2 35 39 40,0,70,,5280,2,0,37 38 2 35 39 40,0,30,,5272,2,0,37 38 2 35 39 40,0,70,,5279,2,0,37 38 2 35 39 40,0,40,,5273,2,0,37 38 2 35 39 40,0,70,,5278,2,0,37 38 2 35 39 40,0,30,,5277,2,0,37 38 2 35 39 40,0,70,,5285,2,0,37 38 2 35 39 40,0,30,,5286,2,0,37 38 2 35 39 40,0,70,,5288,2,0,37 38 2 35 39 40,0,30,,5287,2,0,37 38 2 35 39 40,0
101,'100015',731,,5312,2,0,37 38 2 35 39 40,0,70,,5289,2,0,37 38 2 35 39 40,0,30,,5301,2,0,37 38 2 35 39 40,0,70,,5290,2,0,37 38 2 35 39 40,0,30,,5302,2,0,37 38 2 35 39 40,0,70,,5291,2,0,37 38 2 35 39 40,0,30,,5303,2,0,37 38 2 35 39 40,0,70,,5292,2,0,37 38 2 35 39 40,0,30,,5304,2,0,37 38 2 35 39 40,0,70,,5293,2,0,37 38 2 35 39 40,0,30,,5305,2,0,37 38 2 35 39 40,0,70,,5295,2,0,37 38 2 35 39 40,0,30,,5306,2,0,37 38 2 35 39 40,0,70,,5294,2,0,37 38 2 35 39 40,0,30,,5307,2,0,37 38 2 35 39 40,0,70,,5297,2,0,37 38 2 35 39 40,0,30,,5308,2,0,37 38 2 35 39 40,0,70,,5296,2,0,37 38 2 35 39 40,0,30,,5309,2,0,37 38 2 35 39 40,0,70,,5298,2,0,37 38 2 35 39 40,0,30,,5310,2,0,37 38 2 35 39 40,0,70,,5299,2,0,37 38 2 35 39 40,0,30,,5311,2,0,37 38 2 35 39 40,0,70,,5300,2,0,37 38 2 35 39 40,0
101,'100016',523,,5314,2,0,37 38 2 35 39 40,0,30,,5318,2,0,37 38 2 35 39 40,0,70,,5317,2,0,37 38 2 35 39 40,0,30,,5319,2,0,37 38 2 35 39 40,0,70,,5316,2,0,37 38 2 35 39 40,0,30,,5320,2,0,37 38 2 35 39 40,0,80,,5313,2,0,37 38 2 35 39 40,0,70,,5321,2,0,37 38 2 35 39 40,0,30,,5315,2,0,37 38 2 35 39 40,0,70,,5322,2,0,37 38 2 35 39 40,0,30,,5333,2,0,37 38 2 35 39 40,0,70,,5323,2,0,37 38 2 35 39 40,0,30,,5334,2,0,37 38 2 35 39 40,0,70,,5324,2,0,37 38 2 35 39 40,0,30,,5335,2,0,37 38 2 35 39 40,0,70,,5325,2,0,37 38 2 35 39 40,0,30,,5326,2,0,37 38 2 35 39 40,0,70,,5343,2,0,37 38 2 35 39 40,0,30,,5327,2,0,37 38 2 35 39 40,0,78,,5342,2,0,37 38 2 35 39 40,0,30,,5328,2,0,37 38 2 35 39 40,0,70,,5341,2,0,37 38 2 35 39 40,0,30,,5329,2,0,37 38 2 35 39 40,0,70,,5340,2,0,37 38 2 35 39 40,0,30,,5330,2,0,37 38 2 35 39 40,0,70,,5339,2,0,37 38 2 35 39 40,0,30,,5331,2,0,37 38 2 35 39 40,0,70,,5338,2,0,37 38 2 35 39 40,0,40,,5332,2,0,37 38 2 35 39 40,0,70,,5337,2,0,37 38 2 35 39 40,0,30,,5336,2,0,37 38 2 35 39 40,0,70,,5344,2,0,37 38 2 35 39 40,0,30,,5345,2,0,37 38 2 35 39 40,0,70,,5347,2,0,37 38 2 35 39 40,0,30,,5346,2,0,37 38 2 35 39 40,0
101,'100017',801,,5348,2,0,37 38 2 35 39 40,0,100,,5349,2,0,37 38 2 35 39 40,0,100,,5350,2,0,37 38 2 35 39 40,0,100,,5351,2,0,37 38 2 35 39 40,0,100,,5352,2,0,37 38 2 35 39 40,0,100,,5353,2,0,37 38 2 35 39 40,0,100,,5354,2,0,37 38 2 35 39 40,0,100,,5355,2,0,37 38 2 35 39 40,0,100,,5356,2,0,37 38 2 35 39 40,0,100,,5357,2,0,37 38 2 35 39 40,0,100,,5358,2,0,37 38 2 35 39 40,0,100,,5359,2,0,37 38 2 35 39 40,0
200,'100014',553,,5360,26,,,0,70,,5369,26,,,0,30,,5361,26,,,0,70,,5370,26,,,0,30,,5362,26,,,0,80,,5371,26,,,0,70,,5363,26,,,0,30,,5372,26,,,0,70,,5364,26,,,0,30,,5373,26,,,0,70,,5365,26,,,0,30,,5374,26,,,0,70,,5366,26,,,0,38,,5393,2,,,0,75,,5367,26,,,0,35,,5376,26,,,0,75,,5368,26,,,0,75,,5377,26,,,0,35,,5385,26,,,0,75,,5378,26,,,0,35,,5386,26,,,0,89,,5379,26,,,0,71,,5380,26,,,0,30,,5387,26,,,0,70,,5381,26,,,0,30,,5388,26,,,0,85,,5382,26,,,0,30,,5389,26,,,0,70,,5383,26,,,0,30,,5390,26,,,0,70,,5384,26,,,0,30,,5391,26,,,0,70,,5392,26,,,0
200,'100015',731,,5415,26,,,0,70,,5414,26,,,0,30,,5395,26,,,0,70,,5394,26,,,0,30,,5396,26,,,0,70,,5397,26,,,0,30,,5398,26,,,0,70,,5399,26,,,0,30,,5400,26,,,0,70,,5401,26,,,0,45,,5419,2,,,0,70,,5402,26,,,0,30,,5403,26,,,0,70,,5404,26,,,0,30,,5405,26,,,0,70,,5406,26,,,0,30,,5407,26,,,0,85,,5417,2,,,0,70,,5408,26,,,0,30,,5409,26,,,0,70,,5410,26,,,0,30,,5411,26,,,0,70,,5412,26,,,0,30,,5413,26,,,0
200,'100016',553,,5420,26,,,0,70,,5429,26,,,0,30,,5421,26,,,0,70,,5430,26,,,0,30,,5422,26,,,0,80,,5431,26,,,0,70,,5423,26,,,0,30,,5432,26,,,0,70,,5424,26,,,0,30,,5433,26,,,0,70,,5425,26,,,0,30,,5434,26,,,0,70,,5426,26,,,0,38,,5453,2,,,0,75,,5427,26,,,0,35,,5436,26,,,0,75,,5428,26,,,0,75,,5437,26,,,0,35,,5445,26,,,0,75,,5438,26,,,0,35,,5446,26,,,0,89,,5439,26,,,0,71,,5440,26,,,0,30,,5447,26,,,0,70,,5441,26,,,0,30,,5448,26,,,0,85,,5442,26,,,0,30,,5449,26,,,0,70,,5443,26,,,0,30,,5450,26,,,0,70,,5444,26,,,0,30,,5451,26,,,0,70,,5452,26,,,0
200,'100017',731,,5476,26,,,0,70,,5454,26,,,0,30,,5455,26,,,0,70,,5456,26,,,0,30,,5457,26,,,0,70,,5458,26,,,0,30,,5459,26,,,0,70,,5460,26,,,0,30,,5461,26,,,0,70,,5462,26,,,0,45,,5477,2,,,0,70,,5464,26,,,0,30,,5465,26,,,0,70,,5466,26,,,0,30,,5467,26,,,0,70,,5468,26,,,0,30,,5469,26,,,0,85,,5478,2,,,0,70,,5471,26,,,0,30,,5472,26,,,0,70,,5473,26,,,0,30,,5474,26,,,0,70,,5475,26,,,0,30,,5470,26,,,0
201,'100014',523,,5510,2,,,0,30,,5513,19,,,0,70,,5480,19,,,0,30,,5488,19,,,0,70,,5481,19,,,0,30,,5489,19,,,0,80,,5482,19,,,0,70,,5490,19,,,0,30,,5483,19,,,0,70,,5491,19,,,0,30,,5484,19,,,0,70,,5492,19,,,0,30,,5485,19,,,0,70,,5493,19,,,0,38,,5514,2,,,0,75,,5511,19,,,0,35,,5487,19,,,0,75,,5494,19,,,0,75,,5501,19,,,0,35,,5495,19,,,0,75,,5502,19,,,0,40,,5496,19,,,0,85,,5512,19,,,0,70,,5503,19,,,0,30,,5497,19,,,0,70,,5504,19,,,0,30,,5498,19,,,0,85,,5505,19,,,0,30,,5499,19,,,0,70,,5506,19,,,0,30,,5500,19,,,0,70,,5507,19,,,0,30,,5508,19,,,0,71,,5509,19,,,0
201,'100015',801,,5520,19,,,0,30,,5524,19,,,0,70,,5521,19,,,0,30,,5533,19,,,0,70,,5523,19,,,0,30,,5522,19,,,0,70,,5525,19,,,0,30,,5526,19,,,0,70,,5515,19,,,0,45,,5539,2,,,0,70,,5528,19,,,0,30,,5529,19,,,0,70,,5530,19,,,0,30,,5531,19,,,0,70,,5532,19,,,0,30,,5535,19,,,0,85,,5537,2,,,0,70,,5534,19,,,0,30,,5516,19,,,0,70,,5519,19,,,0,30,,5518,19,,,0,70,,5517,19,,,0,30,,5527,19,,,0
201,'100016',523,,5570,2,,,0,30,,5573,19,,,0,70,,5540,19,,,0,30,,5548,19,,,0,70,,5541,19,,,0,30,,5549,19,,,0,80,,5542,19,,,0,70,,5550,19,,,0,30,,5543,19,,,0,70,,5551,19,,,0,30,,5544,19,,,0,70,,5552,19,,,0,30,,5545,19,,,0,70,,5553,19,,,0,38,,5574,2,,,0,75,,5571,19,,,0,35,,5547,19,,,0,75,,5554,19,,,0,75,,5561,19,,,0,35,,5555,19,,,0,75,,5562,19,,,0,40,,5556,19,,,0,85,,5572,19,,,0,70,,5563,19,,,0,30,,5557,19,,,0,70,,5564,19,,,0,30,,5558,19,,,0,85,,5565,19,,,0,30,,5559,19,,,0,70,,5566,19,,,0,30,,5560,19,,,0,70,,5567,19,,,0,30,,5568,19,,,0,71,,5569,19,,,0
201,'100017',801,,5575,19,,,0,30,,5576,19,,,0,70,,5577,19,,,0,30,,5578,19,,,0,70,,5579,19,,,0,30,,5580,19,,,0,70,,5581,19,,,0,30,,5582,19,,,0,70,,5583,19,,,0,45,,5597,2,,,0,70,,5585,19,,,0,30,,5586,19,,,0,70,,5587,19,,,0,30,,5588,19,,,0,70,,5589,19,,,0,30,,5590,19,,,0,85,,5598,2,,,0,70,,5592,19,,,0,30,,5593,19,,,0,70,,5594,19,,,0,30,,5595,19,,,0,70,,5596,19,,,0,30,,5591,19,,,0
400,'100015',825,,5838,41,,,0,100,,5839,41,,,0,100,,5840,41,,,0,100,,5841,41,,,0,100,,5842,41,,,0,115,,5843,41,,,0,100,,5844,41,,,0,100,,5845,41,,,0,115,,5846,41,,,0,100,,5847,41,,,0,100,,5848,41,,,0
400,'100017',825,,5895,41,,,0,100,,5896,41,,,0,100,,5897,41,,,0,100,,5898,41,,,0,100,,5899,41,,,0,115,,5900,41,,,0,100,,5901,41,,,0,100,,5902,41,,,0,115,,5903,41,,,0,100,,5904,41,,,0,100,,5905,41,,,0
500,'100014',617,,5906,48,,,0,30,,5922,48,,,0,70,,5907,48,,,0,30,,5923,48,,,0,70,,5908,48,,,0,40,,5909,48,,,0,70,,5931,48,,,0,30,,5910,48,,,0,70,,5934,48,,,0,30,,5911,48,,,0,70,,5933,48,,,0,30,,5912,48,,,0,70,,5935,48,,,0,83,,5913,48,,,0,35,,5932,48,,,0,75,,5914,48,,,0,35,,5924,48,,,0,75,,5915,48,,,0,75,,5925,48,,,0,35,,5916,48,,,0,80,,5917,48,,,0,80,,5926,48,,,0,30,,5918,48,,,0,70,,5927,48,,,0,30,,5919,48,,,0,70,,5928,48,,,0,45,,5920,48,,,0,70,,5929,48,,,0,30,,5921,48,,,0,70,,5930,48,,,0,30,,5936,48,,,0,70,,5937,48,,,0
500,'100015',825,,5938,48,,,0,100,,5944,48,,,0,100,,5939,48,,,0,100,,5945,48,,,0,100,,5940,48,,,0,115,,5946,48,,,0,100,,5941,48,,,0,100,,5947,48,,,0,115,,5942,48,,,0,100,,5948,48,,,0,100,,5943,48,,,0
500,'100016',617,,5949,48,,,0,30,,5965,48,,,0,70,,5950,48,,,0,30,,5966,48,,,0,70,,5951,48,,,0,40,,5952,48,,,0,70,,5974,48,,,0,30,,5953,48,,,0,70,,5977,48,,,0,30,,5954,48,,,0,70,,5976,48,,,0,30,,5955,48,,,0,70,,5978,48,,,0,83,,5956,48,,,0,35,,5975,48,,,0,75,,5957,48,,,0,35,,5967,48,,,0,75,,5958,48,,,0,75,,5968,48,,,0,35,,5959,48,,,0,80,,5960,48,,,0,80,,5969,48,,,0,30,,5961,48,,,0,70,,5970,48,,,0,30,,5962,48,,,0,70,,5971,48,,,0,45,,5963,48,,,0,70,,5972,48,,,0,30,,5964,48,,,0,70,,5973,48,,,0,30,,5979,48,,,0,70,,5980,48,,,0
500,'100017',825,,5981,48,,,0,100,,5982,48,,,0,100,,5983,48,,,0,100,,5984,48,,,0,100,,5985,48,,,0,115,,5986,48,,,0,100,,5987,48,,,0,100,,5988,48,,,0,115,,5989,48,,,0,100,,5990,48,,,0,100,,5991,48,,,0
800,'100014',618,,6191,41,,,0,30,,6176,41,,,0,70,,6192,41,,,0,30,,6177,41,,,0,70,,6193,41,,,0,40,,6194,41,,,0,69,,6178,41,,,0,30,,6202,41,,,0,70,,6179,41,,,0,30,,6203,41,,,0,70,,6180,41,,,0,30,,6204,41,,,0,70,,6181,41,,,0,83,,6205,41,,,0,35,,6182,41,,,0,75,,6195,41,,,0,35,,6183,41,,,0,75,,6184,41,,,0,75,,6196,41,,,0,35,,6185,41,,,0,80,,6197,41,,,0,81,,6186,41,,,0,30,,6198,41,,,0,70,,6187,41,,,0,30,,6199,41,,,0,70,,6188,41,,,0,45,,6200,41,,,0,70,,6189,41,,,0,30,,6201,41,,,0,70,,6190,41,,,0,28,,6207,41,,,0,68,,6206,41,,,0
800,'100015',755,,6208,41,,,0,100,,6214,41,,,0,100,,6209,41,,,0,100,,6215,41,,,0,100,,6210,41,,,0,155,,6216,41,,,0,100,,6211,41,,,0,100,,6217,41,,,0,100,,6212,41,,,0,115,,6218,41,,,0,100,,6213,41,,,0,100,,6219,41,,,0
800,'100016',618,,6235,41,,,0,30,,6220,41,,,0,70,,6236,41,,,0,30,,6221,41,,,0,70,,6237,41,,,0,40,,6238,41,,,0,69,,6222,41,,,0,30,,6246,41,,,0,70,,6223,41,,,0,30,,6247,41,,,0,70,,6224,41,,,0,30,,6248,41,,,0,70,,6225,41,,,0,83,,6249,41,,,0,35,,6226,41,,,0,75,,6239,41,,,0,35,,6227,41,,,0,75,,6228,41,,,0,75,,6240,41,,,0,35,,6229,41,,,0,80,,6241,41,,,0,81,,6230,41,,,0,30,,6242,41,,,0,70,,6231,41,,,0,30,,6243,41,,,0,70,,6232,41,,,0,45,,6244,41,,,0,70,,6233,41,,,0,30,,6245,41,,,0,70,,6234,41,,,0,28,,6251,41,,,0,68,,6250,41,,,0
800,'100017',755,,6252,41,,,0,100,,6253,41,,,0,100,,6254,41,,,0,100,,6255,41,,,0,100,,6256,41,,,0,155,,6257,41,,,0,100,,6258,41,,,0,100,,6259,41,,,0,100,,6260,41,,,0,115,,6261,41,,,0,100,,6262,41,,,0,100,,6263,41,,,0
2101,'100014',553,,6377,2,,,0,73,,6364,2,,,0,77,,6378,2,,,0,35,,6365,2,,,0,74,,6379,2,,,0,36,,6366,2,,,0,75,,6380,2,,,0,35,,6367,2,,,0,75,,6381,2,,,0,75,,6368,2,,,0,35,,6382,2,,,0,75,,6369,2,,,0,35,,6383,2,,,0,75,,6370,2,,,0,75,,6384,2,,,0,35,,6371,2,,,0,75,,6385,2,,,0,35,,6372,2,,,0,75,,6386,2,,,0,80,,6373,2,,,0,35,,6387,2,,,0,75,,6374,2,,,0,37,,6388,2,,,0,73,,6375,2,,,0,79,,6389,2,,,0,49,,6376,2,,,0,70,,6390,2,,,0,30,,6393,2,,,0,70,,6392,2,,,0,30,,6391,2,,,0
2101,'100015',731,,6401,2,,,0,75,,6394,2,,,0,35,,6402,2,,,0,75,,6395,2,,,0,35,,6412,2,,,0,75,,6410,2,,,0,75,,6403,2,,,0,36,,6396,2,,,0,74,,6404,2,,,0,35,,6397,2,,,0,75,,6405,2,,,0,35,,6398,2,,,0,75,,6406,2,,,0,75,,6399,2,,,0,35,,6413,2,,,0,75,,6409,2,,,0,35,,6407,2,,,0,80,,6400,2,,,0,75,,6408,2,,,0,35,,6411,2,,,0
2101,'100016',553,,6427,2,,,0,73,,6414,2,,,0,77,,6428,2,,,0,35,,6415,2,,,0,74,,6429,2,,,0,36,,6416,2,,,0,75,,6430,2,,,0,35,,6417,2,,,0,75,,6431,2,,,0,75,,6418,2,,,0,35,,6432,2,,,0,75,,6419,2,,,0,35,,6433,2,,,0,75,,6420,2,,,0,75,,6434,2,,,0,35,,6421,2,,,0,75,,6435,2,,,0,35,,6422,2,,,0,75,,6436,2,,,0,80,,6423,2,,,0,35,,6437,2,,,0,75,,6424,2,,,0,37,,6438,2,,,0,73,,6425,2,,,0,79,,6439,2,,,0,49,,6426,2,,,0,70,,6440,2,,,0,30,,6443,2,,,0,70,,6442,2,,,0,30,,6441,2,,,0
2101,'100017',731,,6444,2,,,0,75,,6445,2,,,0,35,,6446,2,,,0,75,,6447,2,,,0,35,,6448,2,,,0,75,,6449,2,,,0,75,,6450,2,,,0,35,,6451,2,,,0,75,,6452,2,,,0,35,,6453,2,,,0,75,,6454,2,,,0,35,,6455,2,,,0,75,,6456,2,,,0,75,,6457,2,,,0,35,,6458,2,,,0,75,,6459,2,,,0,35,,6460,2,,,0,80,,6461,2,,,0,75,,6462,2,,,0,35,,6463,2,,,0
3101,'100014',523,,6496,2,0,41 42 2 5 6,0,30,,6497,2,0,41 42 2 5 6,0,70,,6498,2,0,41 42 2 5 6,0,30,,6499,2,0,41 42 2 5 6,0,70,,6500,2,0,41 42 2 5 6,0,30,,6501,2,0,41 42 2 5 6,0,70,,6502,2,0,41 42 2 5 6,0,30,,6503,2,0,41 42 2 5 6,0,573,,6504,2,0,41 42 2 5 6,0,75,,6505,2,0,41 42 2 5 6,0,35,,6506,2,0,41 42 2 5 6,0,75,,6507,2,0,41 42 2 5 6,0,40,,6508,2,0,41 42 2 5 6,0,85,,6509,2,0,41 42 2 5 6,0,70,,6510,2,0,41 42 2 5 6,0,30,,6511,2,0,41 42 2 5 6,0
3101,'100016',523,,6512,2,0,41 42 2 5 6,0,30,,6513,2,0,41 42 2 5 6,0,70,,6514,2,0,41 42 2 5 6,0,30,,6515,2,0,41 42 2 5 6,0,70,,6516,2,0,41 42 2 5 6,0,30,,6517,2,0,41 42 2 5 6,0,70,,6518,2,0,41 42 2 5 6,0,30,,6519,2,0,41 42 2 5 6,0,573,,6520,2,0,41 42 2 5 6,0,75,,6521,2,0,41 42 2 5 6,0,35,,6522,2,0,41 42 2 5 6,0,75,,6523,2,0,41 42 2 5 6,0,40,,6524,2,0,41 42 2 5 6,0,85,,6525,2,0,41 42 2 5 6,0,70,,6526,2,0,41 42 2 5 6,0,30,,6527,2,0,41 42 2 5 6,0
1000900,'100014',519,,6556,3,,,0,30,,6557,3,,,0,70,,6558,3,,,0,30,,6559,3,,,0,70,,6560,3,,,0,30,,6561,3,,,0,62,,6562,3,,,0,28,,6563,3,,,0,74,,6564,3,,,0,20,,6565,3,,,0,70,,6566,3,,,0,30,,6567,3,,,0,70,,6568,3,,,0,30,,6569,3,,,0,70,,6570,3,,,0,30,,6571,3,,,0,70,,6572,3,,,0,30,,6573,3,,,0,70,,6574,3,,,0,30,,6575,3,,,0,70,,6576,3,,,0,28,,6577,3,,,0,72,,6578,3,,,0,30,,6579,3,,,0,18,,6580,3,,,0,85,,6549,3,,,0,70,,6550,3,,,0,30,,6553,3,,,0,70,,6546,3,,,0,30,,6548,3,,,0,85,,6554,3,,,0,85,,6552,3,,,0,35,,6551,3,,,0,75,,6555,3,,,0,35,,6547,3,,,0
1000900,'100015',731,,6581,3,,,0,80,,6582,3,,,0,40,,6583,3,,,0,80,,6584,3,,,0,80,,6585,3,,,0,40,,6586,3,,,0,80,,6587,3,,,0,85,,6588,3,,,0,40,,6589,3,,,0,80,,6590,3,,,0,80,,6591,3,,,0,40,,6592,3,,,0,80,,6593,3,,,0,80,,6594,3,,,0,85,,6595,3,,,0,40,,6596,3,,,0,80,,6597,3,,,0,80,,6598,3,,,0
1000900,'100016',519,,6609,3,,,0,30,,6610,3,,,0,70,,6611,3,,,0,30,,6612,3,,,0,70,,6613,3,,,0,30,,6614,3,,,0,62,,6615,3,,,0,28,,6616,3,,,0,74,,6617,3,,,0,20,,6618,3,,,0,70,,6619,3,,,0,30,,6620,3,,,0,70,,6621,3,,,0,30,,6622,3,,,0,70,,6623,3,,,0,30,,6624,3,,,0,70,,6625,3,,,0,30,,6626,3,,,0,70,,6627,3,,,0,30,,6628,3,,,0,70,,6629,3,,,0,28,,6630,3,,,0,72,,6631,3,,,0,30,,6632,3,,,0,18,,6633,3,,,0,85,,6602,3,,,0,70,,6603,3,,,0,30,,6606,3,,,0,70,,6599,3,,,0,30,,6601,3,,,0,85,,6607,3,,,0,85,,6605,3,,,0,35,,6604,3,,,0,75,,6608,3,,,0,35,,6600,3,,,0
1000900,'100017',731,,6634,3,,,0,80,,6635,3,,,0,40,,6636,3,,,0,80,,6637,3,,,0,80,,6638,3,,,0,40,,6639,3,,,0,80,,6640,3,,,0,85,,6641,3,,,0,40,,6642,3,,,0,80,,6643,3,,,0,80,,6644,3,,,0,40,,6645,3,,,0,80,,6646,3,,,0,80,,6647,3,,,0,85,,6648,3,,,0,40,,6649,3,,,0,80,,6650,3,,,0,80,,6651,3,,,0
2000900,'100014',543,,6652,3,,,0,60,,6653,3,,,0,30,,6654,3,,,0,70,,6655,3,,,0,30,,6656,3,,,0,20,,6657,3,,,0,80,,6658,3,,,0,22,,6683,3,,,0,68,,6659,3,,,0,29,,6660,3,,,0,60,,6661,3,,,0,30,,6662,3,,,0,70,,6663,3,,,0,30,,6664,3,,,0,70,,6665,3,,,0,30,,6666,3,,,0,70,,6667,3,,,0,30,,6668,3,,,0,70,,6669,3,,,0,31,,6670,3,,,0,70,,6671,3,,,0,34,,6672,3,,,0,64,,6673,3,,,0,32,,6674,3,,,0,78,,6675,3,,,0,30,,6676,3,,,0,70,,6677,3,,,0,30,,6678,3,,,0,70,,6679,3,,,0,26,,6680,3,,,0,74,,6681,3,,,0,34,,6682,3,,,0,85,,6684,3,,,0,75,,6685,3,,,0,36,,6686,3,,,0
2000900,'100015',751,,6687,3,,,0,80,,6688,3,,,0,80,,6689,3,,,0,40,,6690,3,,,0,80,,6691,3,,,0,80,,6692,3,,,0,40,,6693,3,,,0,80,,6694,3,,,0,85,,6695,3,,,0,40,,6696,3,,,0,80,,6697,3,,,0,80,,6698,3,,,0,85,,6699,3,,,0,40,,6700,3,,,0,80,,6701,3,,,0,80,,6702,3,,,0,40,,6703,3,,,0
2000900,'100016',543,,6704,3,,,0,60,,6705,3,,,0,30,,6706,3,,,0,70,,6707,3,,,0,30,,6708,3,,,0,20,,6709,3,,,0,80,,6710,3,,,0,22,,6735,3,,,0,68,,6711,3,,,0,29,,6712,3,,,0,60,,6713,3,,,0,30,,6714,3,,,0,70,,6715,3,,,0,30,,6716,3,,,0,70,,6717,3,,,0,30,,6718,3,,,0,70,,6719,3,,,0,30,,6720,3,,,0,70,,6721,3,,,0,31,,6722,3,,,0,70,,6723,3,,,0,34,,6724,3,,,0,64,,6725,3,,,0,32,,6726,3,,,0,78,,6727,3,,,0,30,,6728,3,,,0,70,,6729,3,,,0,30,,6730,3,,,0,70,,6731,3,,,0,26,,6732,3,,,0,74,,6733,3,,,0,34,,6734,3,,,0,85,,6736,3,,,0,75,,6737,3,,,0,36,,6738,3,,,0
2000900,'100017',751,,6739,3,,,0,80,,6740,3,,,0,80,,6741,3,,,0,40,,6742,3,,,0,80,,6743,3,,,0,80,,6744,3,,,0,40,,6745,3,,,0,80,,6746,3,,,0,85,,6747,3,,,0,40,,6748,3,,,0,80,,6749,3,,,0,80,,6750,3,,,0,85,,6751,3,,,0,40,,6752,3,,,0,80,,6753,3,,,0,80,,6754,3,,,0,40,,6755,3,,,0
