300,'100013',525,,5600,6,0,34 2 35 15 7 16,0,30,,5601,6,0,34 2 35 15 7 16,0,55,,5607,6,0,34 2 35 15 7 16,0,15,,5602,6,0,34 2 35 15 7 16,0,30,,5603,6,0,34 2 35 15 7 16,0,70,,5604,6,0,34 2 35 15 7 16,0,30,,5605,6,0,34 2 35 15 7 16,0,50,,5608,6,0,34 2 35 15 7 16,0,20,,5606,6,0,34 2 35 15 7 16,0,80,,5609,6,0,34 2 35 15 7 16,0,30,,5613,6,0,34 2 35 15 7 16,0,70,,5610,6,0,34 2 35 15 7 16,0,30,,5614,6,0,34 2 35 15 7 16,0,70,,5611,6,0,34 2 35 15 7 16,0,30,,5615,6,0,34 2 35 15 7 16,0,71,,5612,6,0,34 2 35 15 7 16,0,30,,5616,6,0,34 2 35 15 7 16,0,83,,5617,6,0,34 2 35 15 7 16,0,35,,5618,6,0,34 2 35 15 7 16,0,75,,5619,6,0,34 2 35 15 7 16,0,1,,5634,6,0,34 2 35 15 7 16,0,13,,5635,6,0,34 2 35 15 7 16,0,61,,5620,6,0,34 2 35 15 7 16,0,35,,5621,6,0,34 2 35 15 7 16,0,5,,5636,6,0,34 2 35 15 7 16,0,70,,5622,6,0,34 2 35 15 7 16,0,35,,5623,6,0,34 2 35 15 7 16,0,80,,5624,6,0,34 2 35 15 7 16,0,79,,5625,6,0,34 2 35 15 7 16,0,30,,5626,6,0,34 2 35 15 7 16,0,70,,5627,6,0,34 2 35 15 7 16,0,30,,5628,6,0,34 2 35 15 7 16,0,70,,5629,6,0,34 2 35 15 7 16,0,45,,5630,6,0,34 2 35 15 7 16,0,70,,5631,6,0,34 2 35 15 7 16,0,30,,5632,6,0,34 2 35 15 7 16,0,70,,5633,6,0,34 2 35 15 7 16,0
300,'100014',801,,5637,6,0,34 2 35 15 7 16,0,100,,5638,6,0,34 2 35 15 7 16,0,100,,5639,6,0,34 2 35 15 7 16,0,100,,5640,6,0,34 2 35 15 7 16,0,100,,5641,6,0,34 2 35 15 7 16,0,115,,5647,6,0,34 2 35 15 7 16,0,100,,5642,6,0,34 2 35 15 7 16,0,100,,5643,6,0,34 2 35 15 7 16,0,100,,5644,6,0,34 2 35 15 7 16,0,115,,5645,6,0,34 2 35 15 7 16,0,100,,5646,6,0,34 2 35 15 7 16,0
300,'100015',525,,5648,6,0,34 2 35 15 7 16,0,30,,5649,6,0,34 2 35 15 7 16,0,55,,5655,6,0,34 2 35 15 7 16,0,15,,5650,6,0,34 2 35 15 7 16,0,30,,5651,6,0,34 2 35 15 7 16,0,70,,5652,6,0,34 2 35 15 7 16,0,30,,5653,6,0,34 2 35 15 7 16,0,50,,5656,6,0,34 2 35 15 7 16,0,20,,5654,6,0,34 2 35 15 7 16,0,80,,5657,6,0,34 2 35 15 7 16,0,30,,5661,6,0,34 2 35 15 7 16,0,70,,5658,6,0,34 2 35 15 7 16,0,30,,5662,6,0,34 2 35 15 7 16,0,70,,5659,6,0,34 2 35 15 7 16,0,30,,5663,6,0,34 2 35 15 7 16,0,71,,5660,6,0,34 2 35 15 7 16,0,30,,5664,6,0,34 2 35 15 7 16,0,83,,5665,6,0,34 2 35 15 7 16,0,35,,5666,6,0,34 2 35 15 7 16,0,75,,5667,6,0,34 2 35 15 7 16,0,1,,5682,6,0,34 2 35 15 7 16,0,13,,5683,6,0,34 2 35 15 7 16,0,61,,5668,6,0,34 2 35 15 7 16,0,35,,5669,6,0,34 2 35 15 7 16,0,5,,5684,6,0,34 2 35 15 7 16,0,70,,5670,6,0,34 2 35 15 7 16,0,35,,5671,6,0,34 2 35 15 7 16,0,80,,5672,6,0,34 2 35 15 7 16,0,79,,5673,6,0,34 2 35 15 7 16,0,30,,5674,6,0,34 2 35 15 7 16,0,70,,5675,6,0,34 2 35 15 7 16,0,30,,5676,6,0,34 2 35 15 7 16,0,70,,5677,6,0,34 2 35 15 7 16,0,45,,5678,6,0,34 2 35 15 7 16,0,70,,5679,6,0,34 2 35 15 7 16,0,30,,5680,6,0,34 2 35 15 7 16,0,70,,5681,6,0,34 2 35 15 7 16,0
300,'100016',801,,5685,6,0,34 2 35 15 7 16,0,100,,5686,6,0,34 2 35 15 7 16,0,100,,5687,6,0,34 2 35 15 7 16,0,100,,5688,6,0,34 2 35 15 7 16,0,100,,5689,6,0,34 2 35 15 7 16,0,115,,5690,6,0,34 2 35 15 7 16,0,100,,5691,6,0,34 2 35 15 7 16,0,100,,5692,6,0,34 2 35 15 7 16,0,100,,5693,6,0,34 2 35 15 7 16,0,115,,5694,6,0,34 2 35 15 7 16,0,100,,5695,6,0,34 2 35 15 7 16,0
800,'100013',605,,6191,22,,,0,30,,6176,22,,,0,70,,6192,22,,,0,30,,6177,22,,,0,70,,6193,22,,,0,40,,6194,22,,,0,69,,6178,22,,,0,30,,6202,22,,,0,70,,6179,22,,,0,30,,6203,22,,,0,70,,6180,22,,,0,30,,6204,22,,,0,70,,6181,22,,,0,42,,6205,22,,,0,75,,6182,22,,,0,75,,6195,22,,,0,35,,6183,22,,,0,75,,6184,22,,,0,35,,6196,22,,,0,75,,6185,22,,,0,80,,6197,22,,,0,42,,6186,22,,,0,70,,6198,22,,,0,30,,6187,22,,,0,70,,6199,22,,,0,30,,6188,22,,,0,85,,6200,22,,,0,70,,6189,22,,,0,30,,6201,22,,,0,70,,6190,22,,,0,28,,6207,22,,,0,28,,6206,22,,,0
800,'100014',741,,6208,22,,,0,100,,6214,22,,,0,100,,6209,22,,,0,100,,6215,22,,,0,100,,6210,22,,,0,115,,6216,22,,,0,100,,6211,22,,,0,100,,6217,22,,,0,100,,6212,22,,,0,155,,6218,22,,,0,100,,6213,22,,,0,100,,6219,22,,,0
800,'100015',605,,6235,22,,,0,30,,6220,22,,,0,70,,6236,22,,,0,30,,6221,22,,,0,70,,6237,22,,,0,40,,6238,22,,,0,69,,6222,22,,,0,30,,6246,22,,,0,70,,6223,22,,,0,30,,6247,22,,,0,70,,6224,22,,,0,30,,6248,22,,,0,70,,6225,22,,,0,42,,6249,22,,,0,75,,6226,22,,,0,75,,6239,22,,,0,35,,6227,22,,,0,75,,6228,22,,,0,35,,6240,22,,,0,75,,6229,22,,,0,80,,6241,22,,,0,42,,6230,22,,,0,70,,6242,22,,,0,30,,6231,22,,,0,70,,6243,22,,,0,30,,6232,22,,,0,85,,6244,22,,,0,70,,6233,22,,,0,30,,6245,22,,,0,70,,6234,22,,,0,28,,6251,22,,,0,28,,6250,22,,,0
800,'100016',741,,6252,22,,,0,100,,6253,22,,,0,100,,6254,22,,,0,100,,6255,22,,,0,100,,6256,22,,,0,115,,6257,22,,,0,100,,6258,22,,,0,100,,6259,22,,,0,100,,6260,22,,,0,155,,6261,22,,,0,100,,6262,22,,,0,100,,6263,22,,,0
5101,'100015',1435,,6531,2,,,0
5300,'100015',753,,6536,18,,,0
5301,'100015',1514,,6537,5,,,0
