200,'100014',535,,5360,1,,,0,70,,5369,1,,,0,30,,5361,1,,,0,70,,5370,1,,,0,30,,5362,1,,,0,70,,5371,1,,,0,40,,5363,1,,,0,70,,5372,1,,,0,30,,5364,1,,,0,70,,5373,1,,,0,30,,5365,1,,,0,70,,5374,1,,,0,30,,5366,1,,,0,70,,5375,1,,,0,41,,5367,1,,,0,75,,5376,1,,,0,75,,5368,1,,,0,35,,5377,1,,,0,75,,5385,1,,,0,35,,5378,1,,,0,75,,5386,1,,,0,80,,5379,1,,,0,42,,5380,1,,,0,70,,5387,1,,,0,30,,5381,1,,,0,70,,5388,1,,,0,30,,5382,1,,,0,85,,5389,1,,,0,70,,5383,1,,,0,30,,5390,1,,,0,70,,5384,1,,,0,30,,5391,1,,,0,70,,5392,1,,,0
200,'100015',713,,5415,1,,,0,30,,5414,1,,,0,70,,5395,1,,,0,30,,5394,1,,,0,70,,5396,1,,,0,30,,5397,1,,,0,70,,5398,1,,,0,30,,5399,1,,,0,70,,5400,1,,,0,30,,5401,1,,,0,70,,5418,1,,,0,45,,5402,1,,,0,70,,5403,1,,,0,30,,5404,1,,,0,70,,5405,1,,,0,30,,5406,1,,,0,70,,5407,1,,,0,30,,5416,1,,,0,85,,5408,1,,,0,70,,5409,1,,,0,30,,5410,1,,,0,70,,5411,1,,,0,30,,5412,1,,,0,70,,5413,1,,,0
200,'100016',535,,5420,1,,,0,70,,5429,1,,,0,30,,5421,1,,,0,70,,5430,1,,,0,30,,5422,1,,,0,70,,5431,1,,,0,40,,5423,1,,,0,70,,5432,1,,,0,30,,5424,1,,,0,70,,5433,1,,,0,30,,5425,1,,,0,70,,5434,1,,,0,30,,5426,1,,,0,70,,5435,1,,,0,41,,5427,1,,,0,75,,5436,1,,,0,75,,5428,1,,,0,35,,5437,1,,,0,75,,5445,1,,,0,35,,5438,1,,,0,75,,5446,1,,,0,80,,5439,1,,,0,42,,5440,1,,,0,70,,5447,1,,,0,30,,5441,1,,,0,70,,5448,1,,,0,30,,5442,1,,,0,85,,5449,1,,,0,70,,5443,1,,,0,30,,5450,1,,,0,70,,5444,1,,,0,30,,5451,1,,,0,70,,5452,1,,,0
200,'100017',713,,5476,1,,,0,30,,5454,1,,,0,70,,5455,1,,,0,30,,5456,1,,,0,70,,5457,1,,,0,30,,5458,1,,,0,70,,5459,1,,,0,30,,5460,1,,,0,70,,5461,1,,,0,30,,5462,1,,,0,70,,5463,1,,,0,45,,5464,1,,,0,70,,5465,1,,,0,30,,5466,1,,,0,70,,5467,1,,,0,30,,5468,1,,,0,70,,5469,1,,,0,30,,5479,1,,,0,85,,5471,1,,,0,70,,5472,1,,,0,30,,5473,1,,,0,70,,5474,1,,,0,30,,5475,1,,,0,70,,5470,1,,,0
201,'100014',535,,5510,20,4,,0,70,,5513,37,4,,0,30,,5480,37,4,,0,70,,5488,37,4,,0,30,,5481,37,4,,0,70,,5489,37,4,,0,40,,5482,37,4,,0,70,,5490,37,4,,0,30,,5483,37,4,,0,70,,5491,37,4,,0,30,,5484,37,4,,0,70,,5492,37,4,,0,30,,5485,37,4,,0,70,,5493,37,4,,0,41,,5514,20,4,,0,75,,5511,37,4,,0,75,,5487,37,4,,0,35,,5494,37,4,,0,75,,5501,37,4,,0,35,,5495,37,4,,0,75,,5502,37,4,,0,80,,5496,37,4,,0,42,,5512,37,4,,0,70,,5503,37,4,,0,30,,5497,37,4,,0,70,,5504,37,4,,0,30,,5498,37,4,,0,85,,5505,37,4,,0,70,,5499,37,4,,0,30,,5506,37,4,,0,70,,5500,37,4,,0,30,,5507,37,4,,0,70,,5508,37,4,,0,31,,5509,37,4,,0
201,'100015',813,,5520,37,4,,0,30,,5524,37,4,,0,70,,5521,37,4,,0,30,,5533,37,4,,0,70,,5523,37,4,,0,30,,5522,37,4,,0,70,,5525,37,4,,0,30,,5526,37,4,,0,70,,5515,37,4,,0,45,,5539,20,4,,0,70,,5528,37,4,,0,30,,5529,37,4,,0,70,,5530,37,4,,0,30,,5531,37,4,,0,70,,5532,37,4,,0,30,,5535,37,4,,0,85,,5537,20,4,,0,70,,5534,37,4,,0,30,,5516,37,4,,0,70,,5519,37,4,,0,30,,5518,37,4,,0,70,,5517,37,4,,0,30,,5527,37,4,,0
201,'100016',535,,5570,20,4,,0,70,,5573,37,4,,0,30,,5540,37,4,,0,70,,5548,37,4,,0,30,,5541,37,4,,0,70,,5549,37,4,,0,40,,5542,37,4,,0,70,,5550,37,4,,0,30,,5543,37,4,,0,70,,5551,37,4,,0,30,,5544,37,4,,0,70,,5552,37,4,,0,30,,5545,37,4,,0,70,,5553,37,4,,0,41,,5574,20,4,,0,75,,5571,37,4,,0,75,,5547,37,4,,0,35,,5554,37,4,,0,75,,5561,37,4,,0,35,,5555,37,4,,0,75,,5562,37,4,,0,80,,5556,37,4,,0,42,,5572,37,4,,0,70,,5563,37,4,,0,30,,5557,37,4,,0,70,,5564,37,4,,0,30,,5558,37,4,,0,85,,5565,37,4,,0,70,,5559,37,4,,0,30,,5566,37,4,,0,70,,5560,37,4,,0,30,,5567,37,4,,0,70,,5568,37,4,,0,31,,5569,37,4,,0
201,'100017',813,,5575,37,4,,0,30,,5576,37,4,,0,70,,5577,37,4,,0,30,,5578,37,4,,0,70,,5579,37,4,,0,30,,5580,37,4,,0,70,,5581,37,4,,0,30,,5582,37,4,,0,70,,5583,37,4,,0,45,,5597,20,4,,0,70,,5585,37,4,,0,30,,5586,37,4,,0,70,,5587,37,4,,0,30,,5588,37,4,,0,70,,5589,37,4,,0,30,,5590,37,4,,0,85,,5598,20,4,,0,70,,5592,37,4,,0,30,,5593,37,4,,0,70,,5594,37,4,,0,30,,5595,37,4,,0,70,,5596,37,4,,0,30,,5591,37,4,,0
700,'100014',541,,6086,30,,,0,70,,6096,30,,,0,30,,6087,30,,,0,18,,6114,30,,,0,52,,6097,30,,,0,30,,6088,30,,,0,70,,6098,30,,,0,40,,6107,30,,,0,70,,6089,30,,,0,30,,6108,30,,,0,70,,6090,30,,,0,30,,6115,30,,,0,70,,6091,30,,,0,30,,6116,30,,,0,70,,6092,30,,,0,82,,6117,30,,,0,35,,6093,30,,,0,75,,6099,30,,,0,35,,6094,30,,,0,75,,6100,30,,,0,35,,6095,30,,,0,75,,6101,30,,,0,80,,6102,30,,,0,41,,6109,30,,,0,70,,6103,30,,,0,30,,6110,30,,,0,70,,6104,30,,,0,30,,6111,30,,,0,86,,6105,30,,,0,70,,6112,30,,,0,30,,6106,30,,,0,70,,6113,30,,,0,30,,6118,30,,,0,70,,6119,30,,,0
700,'100015',818,,6120,30,,,0,100,,6121,30,,,0,100,,6122,30,,,0,100,,6123,30,,,0,100,,6124,30,,,0,115,,6125,30,,,0,100,,6126,30,,,0,100,,6127,30,,,0,115,,6128,30,,,0,100,,6129,30,,,0,100,,6130,30,,,0
700,'100016',541,,6131,30,,,0,70,,6141,30,,,0,30,,6132,30,,,0,18,,6159,30,,,0,52,,6142,30,,,0,30,,6133,30,,,0,70,,6143,30,,,0,40,,6152,30,,,0,70,,6134,30,,,0,30,,6153,30,,,0,70,,6135,30,,,0,30,,6160,30,,,0,70,,6136,30,,,0,30,,6161,30,,,0,70,,6137,30,,,0,82,,6162,30,,,0,35,,6138,30,,,0,75,,6144,30,,,0,35,,6139,30,,,0,75,,6145,30,,,0,35,,6140,30,,,0,75,,6146,30,,,0,80,,6147,30,,,0,41,,6154,30,,,0,70,,6148,30,,,0,30,,6155,30,,,0,70,,6149,30,,,0,30,,6156,30,,,0,86,,6150,30,,,0,70,,6157,30,,,0,30,,6151,30,,,0,70,,6158,30,,,0,30,,6163,30,,,0,70,,6164,30,,,0
700,'100017',818,,6165,30,,,0,100,,6166,30,,,0,100,,6167,30,,,0,100,,6168,30,,,0,100,,6169,30,,,0,115,,6170,30,,,0,100,,6171,30,,,0,100,,6172,30,,,0,115,,6173,30,,,0,100,,6174,30,,,0,100,,6175,30,,,0
5000,'100016',744,,6528,32,,,0
5500,'100016',751,,6542,12,,,0
