200,'100014',536,,5360,2,,,0,70,,5369,2,,,0,30,,5361,2,,,0,70,,5370,2,,,0,30,,5362,2,,,0,70,,5371,2,,,0,40,,5363,2,,,0,70,,5372,2,,,0,30,,5364,2,,,0,70,,5373,2,,,0,30,,5365,2,,,0,70,,5374,2,,,0,30,,5366,2,,,0,70,,5375,2,,,0,41,,5367,2,,,0,75,,5376,2,,,0,75,,5368,2,,,0,35,,5377,2,,,0,75,,5385,2,,,0,35,,5378,2,,,0,75,,5386,2,,,0,80,,5379,2,,,0,42,,5380,2,,,0,70,,5387,2,,,0,30,,5381,2,,,0,70,,5388,2,,,0,30,,5382,2,,,0,85,,5389,2,,,0,70,,5383,2,,,0,30,,5390,2,,,0,70,,5384,2,,,0,30,,5391,2,,,0,70,,5392,2,,,0
200,'100015',714,,5415,2,,,0,30,,5414,2,,,0,70,,5395,2,,,0,30,,5394,2,,,0,70,,5396,2,,,0,30,,5397,2,,,0,70,,5398,2,,,0,30,,5399,2,,,0,70,,5400,2,,,0,30,,5401,2,,,0,70,,5418,2,,,0,45,,5402,2,,,0,70,,5403,2,,,0,30,,5404,2,,,0,70,,5405,2,,,0,30,,5406,2,,,0,70,,5407,2,,,0,30,,5416,2,,,0,85,,5408,2,,,0,70,,5409,2,,,0,30,,5410,2,,,0,70,,5411,2,,,0,30,,5412,2,,,0,70,,5413,2,,,0
200,'100016',536,,5420,2,,,0,70,,5429,2,,,0,30,,5421,2,,,0,70,,5430,2,,,0,30,,5422,2,,,0,70,,5431,2,,,0,40,,5423,2,,,0,70,,5432,2,,,0,30,,5424,2,,,0,70,,5433,2,,,0,30,,5425,2,,,0,70,,5434,2,,,0,30,,5426,2,,,0,70,,5435,2,,,0,41,,5427,2,,,0,75,,5436,2,,,0,75,,5428,2,,,0,35,,5437,2,,,0,75,,5445,2,,,0,35,,5438,2,,,0,75,,5446,2,,,0,80,,5439,2,,,0,42,,5440,2,,,0,70,,5447,2,,,0,30,,5441,2,,,0,70,,5448,2,,,0,30,,5442,2,,,0,85,,5449,2,,,0,70,,5443,2,,,0,30,,5450,2,,,0,70,,5444,2,,,0,30,,5451,2,,,0,70,,5452,2,,,0
200,'100017',714,,5476,2,,,0,30,,5454,2,,,0,70,,5455,2,,,0,30,,5456,2,,,0,70,,5457,2,,,0,30,,5458,2,,,0,70,,5459,2,,,0,30,,5460,2,,,0,70,,5461,2,,,0,30,,5462,2,,,0,70,,5463,2,,,0,45,,5464,2,,,0,70,,5465,2,,,0,30,,5466,2,,,0,70,,5467,2,,,0,30,,5468,2,,,0,70,,5469,2,,,0,30,,5479,2,,,0,85,,5471,2,,,0,70,,5472,2,,,0,30,,5473,2,,,0,70,,5474,2,,,0,30,,5475,2,,,0,70,,5470,2,,,0
700,'100014',542,,6086,31,,,0,70,,6096,31,,,0,30,,6087,31,,,0,58,,6114,31,,,0,12,,6097,31,,,0,30,,6088,31,,,0,70,,6098,31,,,0,40,,6107,31,,,0,70,,6089,31,,,0,30,,6108,31,,,0,70,,6090,31,,,0,30,,6115,31,,,0,70,,6091,31,,,0,30,,6116,31,,,0,70,,6092,31,,,0,82,,6117,31,,,0,35,,6093,31,,,0,75,,6099,31,,,0,35,,6094,31,,,0,75,,6100,31,,,0,35,,6095,31,,,0,75,,6101,31,,,0,80,,6102,31,,,0,41,,6109,31,,,0,70,,6103,31,,,0,30,,6110,31,,,0,70,,6104,31,,,0,30,,6111,31,,,0,86,,6105,31,,,0,70,,6112,31,,,0,30,,6106,31,,,0,70,,6113,31,,,0,30,,6118,31,,,0,70,,6119,31,,,0
700,'100015',819,,6120,31,,,0,100,,6121,31,,,0,100,,6122,31,,,0,100,,6123,31,,,0,100,,6124,31,,,0,115,,6125,31,,,0,100,,6126,31,,,0,100,,6127,31,,,0,115,,6128,31,,,0,100,,6129,31,,,0,100,,6130,31,,,0
700,'100016',542,,6131,31,,,0,70,,6141,31,,,0,30,,6132,31,,,0,58,,6159,31,,,0,12,,6142,31,,,0,30,,6133,31,,,0,70,,6143,31,,,0,40,,6152,31,,,0,70,,6134,31,,,0,30,,6153,31,,,0,70,,6135,31,,,0,30,,6160,31,,,0,70,,6136,31,,,0,30,,6161,31,,,0,70,,6137,31,,,0,82,,6162,31,,,0,35,,6138,31,,,0,75,,6144,31,,,0,35,,6139,31,,,0,75,,6145,31,,,0,35,,6140,31,,,0,75,,6146,31,,,0,80,,6147,31,,,0,41,,6154,31,,,0,70,,6148,31,,,0,30,,6155,31,,,0,70,,6149,31,,,0,30,,6156,31,,,0,86,,6150,31,,,0,70,,6157,31,,,0,30,,6151,31,,,0,70,,6158,31,,,0,30,,6163,31,,,0,70,,6164,31,,,0
700,'100017',819,,6165,31,,,0,100,,6166,31,,,0,100,,6167,31,,,0,100,,6168,31,,,0,100,,6169,31,,,0,115,,6170,31,,,0,100,,6171,31,,,0,100,,6172,31,,,0,115,,6173,31,,,0,100,,6174,31,,,0,100,,6175,31,,,0
5000,'100016',745,,6528,33,,,0
5500,'100016',752,,6542,13,,,0
