700,'100000',814,,6165,22,,,0,100,,6166,22,,,0,100,,6167,22,,,0,100,,6168,22,,,0,100,,6169,22,,,0,115,,6170,22,,,0,100,,6171,22,,,0,100,,6172,22,,,0,115,,6173,22,,,0,100,,6174,22,,,0,100,,6175,22,,,0
700,'100009',814,,6120,22,,,0,100,,6121,22,,,0,100,,6122,22,,,0,100,,6123,22,,,0,100,,6124,22,,,0,115,,6125,22,,,0,100,,6126,22,,,0,100,,6127,22,,,0,115,,6128,22,,,0,100,,6129,22,,,0,100,,6130,22,,,0
700,'100010',536,,6131,22,,,0,70,,6141,22,,,0,30,,6132,22,,,0,18,,6159,22,,,0,52,,6142,22,,,0,30,,6133,22,,,0,70,,6143,22,,,0,40,,6152,22,,,0,70,,6134,22,,,0,30,,6153,22,,,0,70,,6135,22,,,0,30,,6160,22,,,0,70,,6136,22,,,0,30,,6161,22,,,0,70,,6137,22,,,0,41,,6162,22,,,0,75,,6138,22,,,0,75,,6144,22,,,0,35,,6139,22,,,0,75,,6145,22,,,0,35,,6140,22,,,0,75,,6146,22,,,0,80,,6147,22,,,0,42,,6154,22,,,0,70,,6148,22,,,0,30,,6155,22,,,0,70,,6149,22,,,0,30,,6156,22,,,0,86,,6150,22,,,0,70,,6157,22,,,0,30,,6151,22,,,0,70,,6158,22,,,0,30,,6163,22,,,0,70,,6164,22,,,0
700,'100011',536,,7083,22,,,0,70,,7093,22,,,0,30,,7084,22,,,0,18,,7111,22,,,0,52,,7094,22,,,0,30,,7085,22,,,0,70,,7095,22,,,0,40,,7104,22,,,0,70,,7086,22,,,0,30,,7105,22,,,0,70,,7087,22,,,0,30,,7112,22,,,0,70,,7088,22,,,0,30,,7113,22,,,0,70,,7089,22,,,0,41,,7114,22,,,0,75,,7090,22,,,0,75,,7096,22,,,0,35,,7091,22,,,0,75,,7097,22,,,0,35,,7092,22,,,0,75,,7098,22,,,0,80,,7099,22,,,0,42,,7106,22,,,0,70,,7100,22,,,0,30,,7107,22,,,0,70,,7101,22,,,0,30,,7108,22,,,0,86,,7102,22,,,0,70,,7109,22,,,0,30,,7103,22,,,0,70,,7110,22,,,0,30,,7115,22,,,0,70,,7116,22,,,0
5000,'100010',738,,6528,24,,,0
5001,'100010',1526,,6529,37,,,0
5100,'100010',743,,6530,24,,,0
5101,'100010',1504,,6531,35,,,0
5300,'100010',749,,7253,13,,,0
5301,'100010',1540,,6537,37,4,,0
