700,'100000',811,,6165,18,,,0,100,,6166,18,,,0,100,,6167,18,,,0,100,,6168,18,,,0,100,,6169,18,,,0,115,,6170,18,,,0,100,,6171,18,,,0,100,,6172,18,,,0,115,,6173,18,,,0,100,,6174,18,,,0,100,,6175,18,,,0
700,'100009',811,,6120,18,,,0,100,,6121,18,,,0,100,,6122,18,,,0,100,,6123,18,,,0,100,,6124,18,,,0,115,,6125,18,,,0,100,,6126,18,,,0,100,,6127,18,,,0,115,,6128,18,,,0,100,,6129,18,,,0,100,,6130,18,,,0
700,'100010',533,,6131,18,,,0,70,,6141,18,,,0,30,,6132,18,,,0,18,,6159,18,,,0,52,,6142,18,,,0,30,,6133,18,,,0,70,,6143,18,,,0,40,,6152,18,,,0,70,,6134,18,,,0,30,,6153,18,,,0,70,,6135,18,,,0,30,,6160,18,,,0,70,,6136,18,,,0,30,,6161,18,,,0,70,,6137,18,,,0,41,,6162,18,,,0,75,,6138,18,,,0,75,,6144,18,,,0,35,,6139,18,,,0,75,,6145,18,,,0,35,,6140,18,,,0,75,,6146,18,,,0,80,,6147,18,,,0,42,,6154,18,,,0,70,,6148,18,,,0,30,,6155,18,,,0,70,,6149,18,,,0,30,,6156,18,,,0,86,,6150,18,,,0,70,,6157,18,,,0,30,,6151,18,,,0,70,,6158,18,,,0,30,,6163,18,,,0,70,,6164,18,,,0
700,'100011',533,,7083,18,,,0,70,,7093,18,,,0,30,,7084,18,,,0,18,,7111,18,,,0,52,,7094,18,,,0,30,,7085,18,,,0,70,,7095,18,,,0,40,,7104,18,,,0,70,,7086,18,,,0,30,,7105,18,,,0,70,,7087,18,,,0,30,,7112,18,,,0,70,,7088,18,,,0,30,,7113,18,,,0,70,,7089,18,,,0,41,,7114,18,,,0,75,,7090,18,,,0,75,,7096,18,,,0,35,,7091,18,,,0,75,,7097,18,,,0,35,,7092,18,,,0,75,,7098,18,,,0,80,,7099,18,,,0,42,,7106,18,,,0,70,,7100,18,,,0,30,,7107,18,,,0,70,,7101,18,,,0,30,,7108,18,,,0,86,,7102,18,,,0,70,,7109,18,,,0,30,,7103,18,,,0,70,,7110,18,,,0,30,,7115,18,,,0,70,,7116,18,,,0
5000,'100010',735,,6528,20,,,0
5001,'100010',1523,,6529,33,,,0
5100,'100010',740,,6530,20,,,0
5101,'100010',1501,,6531,31,,,0
5300,'100010',746,,7253,9,,,0
5301,'100010',1537,,6537,33,,,0
