700,'100000',811,,6165,17,,,0,100,,6166,17,,,0,100,,6167,17,,,0,100,,6168,17,,,0,100,,6169,17,,,0,115,,6170,17,,,0,100,,6171,17,,,0,100,,6172,17,,,0,115,,6173,17,,,0,100,,6174,17,,,0,100,,6175,17,,,0
700,'100009',811,,6120,17,,,0,100,,6121,17,,,0,100,,6122,17,,,0,100,,6123,17,,,0,100,,6124,17,,,0,115,,6125,17,,,0,100,,6126,17,,,0,100,,6127,17,,,0,115,,6128,17,,,0,100,,6129,17,,,0,100,,6130,17,,,0
700,'100010',533,,6131,17,,,0,70,,6141,17,,,0,30,,6132,17,,,0,18,,6159,17,,,0,52,,6142,17,,,0,30,,6133,17,,,0,70,,6143,17,,,0,40,,6152,17,,,0,70,,6134,17,,,0,30,,6153,17,,,0,70,,6135,17,,,0,30,,6160,17,,,0,70,,6136,17,,,0,30,,6161,17,,,0,70,,6137,17,,,0,41,,6162,17,,,0,75,,6138,17,,,0,75,,6144,17,,,0,35,,6139,17,,,0,75,,6145,17,,,0,35,,6140,17,,,0,75,,6146,17,,,0,80,,6147,17,,,0,42,,6154,17,,,0,70,,6148,17,,,0,30,,6155,17,,,0,70,,6149,17,,,0,30,,6156,17,,,0,86,,6150,17,,,0,70,,6157,17,,,0,30,,6151,17,,,0,70,,6158,17,,,0,30,,6163,17,,,0,70,,6164,17,,,0
700,'100012',533,,7083,17,,,0,70,,7093,17,,,0,30,,7084,17,,,0,18,,7111,17,,,0,52,,7094,17,,,0,30,,7085,17,,,0,70,,7095,17,,,0,40,,7104,17,,,0,70,,7086,17,,,0,30,,7105,17,,,0,70,,7087,17,,,0,30,,7112,17,,,0,70,,7088,17,,,0,30,,7113,17,,,0,70,,7089,17,,,0,41,,7114,17,,,0,75,,7090,17,,,0,75,,7096,17,,,0,35,,7091,17,,,0,75,,7097,17,,,0,35,,7092,17,,,0,75,,7098,17,,,0,80,,7099,17,,,0,42,,7106,17,,,0,70,,7100,17,,,0,30,,7107,17,,,0,70,,7101,17,,,0,30,,7108,17,,,0,86,,7102,17,,,0,70,,7109,17,,,0,30,,7103,17,,,0,70,,7110,17,,,0,30,,7115,17,,,0,70,,7116,17,,,0
5000,'100010',734,,6528,19,,,0
5001,'100010',1522,,6529,32,,,0
5100,'100010',739,,6530,19,,,0
5101,'100010',1500,,6531,30,,,0
5300,'100011',746,,7253,8,,,0
5300,'100036',746,,6536,8,,,0
5301,'100010',1537,,6537,32,,,0
