700,'100000',809,,6165,15,,,0,100,,6166,15,,,0,100,,6167,15,,,0,100,,6168,15,,,0,100,,6169,15,,,0,115,,6170,15,,,0,100,,6171,15,,,0,100,,6172,15,,,0,115,,6173,15,,,0,100,,6174,15,,,0,100,,6175,15,,,0
700,'100009',809,,6120,15,,,0,100,,6121,15,,,0,100,,6122,15,,,0,100,,6123,15,,,0,100,,6124,15,,,0,115,,6125,15,,,0,100,,6126,15,,,0,100,,6127,15,,,0,115,,6128,15,,,0,100,,6129,15,,,0,100,,6130,15,,,0
700,'100010',531,,6131,15,,,0,70,,6141,15,,,0,30,,6132,15,,,0,18,,6159,15,,,0,52,,6142,15,,,0,30,,6133,15,,,0,70,,6143,15,,,0,40,,6152,15,,,0,70,,6134,15,,,0,30,,6153,15,,,0,70,,6135,15,,,0,30,,6160,15,,,0,70,,6136,15,,,0,30,,6161,15,,,0,70,,6137,15,,,0,41,,6162,15,,,0,75,,6138,15,,,0,75,,6144,15,,,0,35,,6139,15,,,0,75,,6145,15,,,0,35,,6140,15,,,0,75,,6146,15,,,0,80,,6147,15,,,0,42,,6154,15,,,0,70,,6148,15,,,0,30,,6155,15,,,0,70,,6149,15,,,0,30,,6156,15,,,0,86,,6150,15,,,0,70,,6157,15,,,0,30,,6151,15,,,0,70,,6158,15,,,0,30,,6163,15,,,0,70,,6164,15,,,0
700,'100011',531,,7083,15,,,0,70,,7093,15,,,0,30,,7084,15,,,0,18,,7111,15,,,0,52,,7094,15,,,0,30,,7085,15,,,0,70,,7095,15,,,0,40,,7104,15,,,0,70,,7086,15,,,0,30,,7105,15,,,0,70,,7087,15,,,0,30,,7112,15,,,0,70,,7088,15,,,0,30,,7113,15,,,0,70,,7089,15,,,0,41,,7114,15,,,0,75,,7090,15,,,0,75,,7096,15,,,0,35,,7091,15,,,0,75,,7097,15,,,0,35,,7092,15,,,0,75,,7098,15,,,0,80,,7099,15,,,0,42,,7106,15,,,0,70,,7100,15,,,0,30,,7107,15,,,0,70,,7101,15,,,0,30,,7108,15,,,0,86,,7102,15,,,0,70,,7109,15,,,0,30,,7103,15,,,0,70,,7110,15,,,0,30,,7115,15,,,0,70,,7116,15,,,0
800,'100000',739,,6252,14,,,0,100,,6253,14,,,0,100,,6254,14,,,0,100,,6255,14,,,0,100,,6256,14,,,0,115,,6257,14,,,0,100,,6258,14,,,0,100,,6259,14,,,0,100,,6260,14,,,0,155,,6261,14,,,0,100,,6262,14,,,0,100,,6263,14,,,0
800,'100009',739,,6208,14,,,0,100,,6214,14,,,0,100,,6209,14,,,0,100,,6215,14,,,0,100,,6210,14,,,0,115,,6216,14,,,0,100,,6211,14,,,0,100,,6217,14,,,0,100,,6212,14,,,0,155,,6218,14,,,0,100,,6213,14,,,0,100,,6219,14,,,0
800,'100010',601,,6235,14,,,0,30,,6220,14,,,0,70,,6236,14,,,0,30,,6221,14,,,0,70,,6237,14,,,0,40,,7122,14,,,0,69,,7117,14,,,0,30,,7124,14,,,0,70,,7118,14,,,0,30,,7125,14,,,0,70,,7119,14,,,0,30,,7126,14,,,0,70,,7120,14,,,0,41,,7127,14,,,0,75,,7121,14,,,0,75,,7123,14,,,0,35,,6227,14,,,0,75,,6228,14,,,0,35,,6240,14,,,0,75,,6229,14,,,0,80,,6241,14,,,0,43,,6230,14,,,0,70,,6242,14,,,0,30,,6231,14,,,0,70,,6243,14,,,0,30,,6232,14,,,0,85,,6244,14,,,0,30,,6233,14,,,0,70,,6245,14,,,0,30,,6234,14,,,0,69,,6251,14,,,0,28,,6250,14,,,0
800,'100011',601,,7143,14,,,0,30,,7128,14,,,0,70,,7144,14,,,0,30,,7129,14,,,0,70,,7145,14,,,0,40,,7146,14,,,0,69,,7130,14,,,0,30,,7154,14,,,0,70,,7131,14,,,0,30,,7155,14,,,0,70,,7132,14,,,0,30,,7156,14,,,0,70,,7133,14,,,0,41,,7157,14,,,0,75,,7134,14,,,0,75,,7147,14,,,0,35,,7135,14,,,0,75,,7136,14,,,0,35,,7148,14,,,0,75,,7137,14,,,0,80,,7149,14,,,0,43,,7138,14,,,0,70,,7150,14,,,0,30,,7139,14,,,0,70,,7151,14,,,0,30,,7140,14,,,0,85,,7152,14,,,0,30,,7141,14,,,0,70,,7153,14,,,0,30,,7142,14,,,0,69,,7159,14,,,0,28,,7158,14,,,0
5001,'100010',1505,,6529,11,,,0
5300,'100010',802,,7253,31,,,0
5301,'100010',1523,,6537,18,,,0
5501,'100010',1459,,7256,4,,,0
