301,'100000',742,,5783,23,0,34 2 35 15 7 16,0,100,,5784,23,0,34 2 35 15 7 16,0,100,,5785,23,0,34 2 35 15 7 16,0,101,,5786,23,0,34 2 35 15 7 16,0,100,,5787,23,0,34 2 35 15 7 16,0,115,,5788,23,0,34 2 35 15 7 16,0,100,,5789,23,0,34 2 35 15 7 16,0,100,,5790,23,0,34 2 35 15 7 16,0,100,,5791,23,0,34 2 35 15 7 16,0,155,,5780,23,0,34 2 35 15 7 16,0,100,,5781,23,0,34 2 35 15 7 16,0,100,,5782,23,0,34 2 35 15 7 16,0
301,'100009',742,,5735,23,0,34 2 35 15 7 16,0,100,,5736,23,0,34 2 35 15 7 16,0,100,,5737,23,0,34 2 35 15 7 16,0,101,,5738,23,0,34 2 35 15 7 16,0,100,,5739,23,0,34 2 35 15 7 16,0,115,,5740,23,0,34 2 35 15 7 16,0,100,,5741,23,0,34 2 35 15 7 16,0,100,,5742,23,0,34 2 35 15 7 16,0,100,,5743,23,0,34 2 35 15 7 16,0,155,,5734,23,0,34 2 35 15 7 16,0,100,,5732,23,0,34 2 35 15 7 16,0,100,,5733,23,0,34 2 35 15 7 16,0
301,'100010',537,,5744,23,0,34 2 35 15 7 16,0,70,,5745,23,0,34 2 35 15 7 16,0,30,,5746,23,0,34 2 35 15 7 16,0,70,,5747,23,0,34 2 35 15 7 16,0,30,,5748,23,0,34 2 35 15 7 16,0,10,,5778,23,0,34 2 35 15 7 16,0,60,,5753,23,0,34 2 35 15 7 16,0,40,,5749,23,0,34 2 35 15 7 16,0,70,,5754,23,0,34 2 35 15 7 16,0,30,,5750,23,0,34 2 35 15 7 16,0,70,,5755,23,0,34 2 35 15 7 16,0,30,,5751,23,0,34 2 35 15 7 16,0,70,,5756,23,0,34 2 35 15 7 16,0,30,,5752,23,0,34 2 35 15 7 16,0,70,,5757,23,0,34 2 35 15 7 16,0,39,,5758,23,0,34 2 35 15 7 16,0,75,,5759,23,0,34 2 35 15 7 16,0,75,,5760,23,0,34 2 35 15 7 16,0,14,,5777,23,0,34 2 35 15 7 16,0,21,,5761,23,0,34 2 35 15 7 16,0,75,,5762,23,0,34 2 35 15 7 16,0,5,,5779,23,0,34 2 35 15 7 16,0,30,,5763,23,0,34 2 35 15 7 16,0,75,,5764,23,0,34 2 35 15 7 16,0,80,,5765,23,0,34 2 35 15 7 16,0,44,,5766,23,0,34 2 35 15 7 16,0,70,,5767,23,0,34 2 35 15 7 16,0,30,,5768,23,0,34 2 35 15 7 16,0,70,,5769,23,0,34 2 35 15 7 16,0,30,,5770,23,0,34 2 35 15 7 16,0,85,,5771,23,0,34 2 35 15 7 16,0,70,,5772,23,0,34 2 35 15 7 16,0,30,,5773,23,0,34 2 35 15 7 16,0,70,,5774,23,0,34 2 35 15 7 16,0,30,,5775,23,0,34 2 35 15 7 16,0,70,,5776,23,0,34 2 35 15 7 16,0
301,'100011',537,,6946,23,0,34 2 35 15 7 16,0,70,,6947,23,0,34 2 35 15 7 16,0,30,,6948,23,0,34 2 35 15 7 16,0,70,,6949,23,0,34 2 35 15 7 16,0,30,,6950,23,0,34 2 35 15 7 16,0,10,,6980,23,0,34 2 35 15 7 16,0,60,,6955,23,0,34 2 35 15 7 16,0,40,,6951,23,0,34 2 35 15 7 16,0,70,,6956,23,0,34 2 35 15 7 16,0,30,,6952,23,0,34 2 35 15 7 16,0,70,,6957,23,0,34 2 35 15 7 16,0,30,,6953,23,0,34 2 35 15 7 16,0,70,,6958,23,0,34 2 35 15 7 16,0,30,,6954,23,0,34 2 35 15 7 16,0,70,,6959,23,0,34 2 35 15 7 16,0,39,,6960,23,0,34 2 35 15 7 16,0,75,,6961,23,0,34 2 35 15 7 16,0,75,,6962,23,0,34 2 35 15 7 16,0,14,,6979,23,0,34 2 35 15 7 16,0,21,,6963,23,0,34 2 35 15 7 16,0,75,,6964,23,0,34 2 35 15 7 16,0,5,,6981,23,0,34 2 35 15 7 16,0,30,,6965,23,0,34 2 35 15 7 16,0,75,,6966,23,0,34 2 35 15 7 16,0,80,,6967,23,0,34 2 35 15 7 16,0,44,,6968,23,0,34 2 35 15 7 16,0,70,,6969,23,0,34 2 35 15 7 16,0,30,,6970,23,0,34 2 35 15 7 16,0,70,,6971,23,0,34 2 35 15 7 16,0,30,,6972,23,0,34 2 35 15 7 16,0,85,,6973,23,0,34 2 35 15 7 16,0,70,,6974,23,0,34 2 35 15 7 16,0,30,,6975,23,0,34 2 35 15 7 16,0,70,,6976,23,0,34 2 35 15 7 16,0,30,,6977,23,0,34 2 35 15 7 16,0,70,,6978,23,0,34 2 35 15 7 16,0
400,'100000',744,,5883,23,,,0,70,,5895,23,,,0,30,,5884,23,,,0,70,,5896,23,,,0,30,,5885,23,,,0,70,,5897,23,,,0,30,,5886,23,,,0,70,,5898,23,,,0,30,,5887,23,,,0,70,,5899,23,,,0,45,,5888,23,,,0,70,,5900,23,,,0,30,,5889,23,,,0,70,,5901,23,,,0,30,,5890,23,,,0,70,,5902,23,,,0,30,,5891,23,,,0,85,,5903,23,,,0,70,,5892,23,,,0,30,,5904,23,,,0,70,,5893,23,,,0,30,,5905,23,,,0,70,,5894,23,,,0
400,'100009',744,,5827,23,,,0,70,,5838,23,,,0,30,,5828,23,,,0,70,,5839,23,,,0,30,,5829,23,,,0,70,,5840,23,,,0,30,,5830,23,,,0,70,,5841,23,,,0,30,,5831,23,,,0,70,,5842,23,,,0,45,,5832,23,,,0,70,,5843,23,,,0,30,,5833,23,,,0,70,,5844,23,,,0,30,,5834,23,,,0,70,,5845,23,,,0,30,,5835,23,,,0,85,,5846,23,,,0,70,,5836,23,,,0,30,,5847,23,,,0,70,,5837,23,,,0,30,,5848,23,,,0,70,,5826,23,,,0
400,'100010',537,,5878,23,,,0,70,,5857,23,,,0,30,,5849,23,,,0,17,,5876,23,,,0,53,,5858,23,,,0,30,,5850,23,,,0,70,,5859,23,,,0,40,,5851,23,,,0,69,,5877,23,,,0,31,,5852,23,,,0,70,,5873,23,,,0,30,,5853,23,,,0,70,,5874,23,,,0,30,,5854,23,,,0,70,,5875,23,,,0,38,,5855,23,,,0,75,,5880,23,,,0,75,,5856,23,,,0,35,,5860,23,,,0,75,,5879,23,,,0,35,,5861,23,,,0,75,,5862,23,,,0,80,,5868,23,,,0,44,,5863,23,,,0,70,,5869,23,,,0,30,,5864,23,,,0,70,,5870,23,,,0,30,,5865,23,,,0,85,,5871,23,,,0,70,,5866,23,,,0,30,,5872,23,,,0,70,,5867,23,,,0,30,,5881,23,,,0,70,,5882,23,,,0
400,'100011',537,,7011,23,,,0,70,,6990,23,,,0,30,,6982,23,,,0,17,,7009,23,,,0,53,,6991,23,,,0,30,,6983,23,,,0,70,,6992,23,,,0,40,,6984,23,,,0,69,,7010,23,,,0,31,,6985,23,,,0,70,,7006,23,,,0,30,,6986,23,,,0,70,,7007,23,,,0,30,,6987,23,,,0,70,,7008,23,,,0,38,,6988,23,,,0,75,,7013,23,,,0,75,,6989,23,,,0,35,,6993,23,,,0,75,,7012,23,,,0,35,,6994,23,,,0,75,,6995,23,,,0,80,,7001,23,,,0,44,,6996,23,,,0,70,,7002,23,,,0,30,,6997,23,,,0,70,,7003,23,,,0,30,,6998,23,,,0,85,,7004,23,,,0,70,,6999,23,,,0,30,,7005,23,,,0,70,,7000,23,,,0,30,,7014,23,,,0,70,,7015,23,,,0
5200,'100010',736,,6532,32,0,43 2 7 18,0,18,,6533,32,0,43 2 7 18,0
5201,'100010',1438,,7252,5,0,43 2 7 18,0,19,,6534,5,0,43 2 7 18,0
5401,'100010',1438,,6540,5,0,43 2 7 18,0,19,,6541,5,0,43 2 7 18,0
