800,'100000',739,,6252,16,,,0,100,,6253,16,,,0,100,,6254,16,,,0,100,,6255,16,,,0,100,,6256,16,,,0,115,,6257,16,,,0,100,,6258,16,,,0,100,,6259,16,,,0,100,,6260,16,,,0,155,,6261,16,,,0,100,,6262,16,,,0,100,,6263,16,,,0
800,'100009',739,,6208,16,,,0,100,,6214,16,,,0,100,,6209,16,,,0,100,,6215,16,,,0,100,,6210,16,,,0,115,,6216,16,,,0,100,,6211,16,,,0,100,,6217,16,,,0,100,,6212,16,,,0,155,,6218,16,,,0,100,,6213,16,,,0,100,,6219,16,,,0
800,'100010',603,,6235,16,,,0,30,,6220,16,,,0,70,,6236,16,,,0,30,,6221,16,,,0,70,,6237,16,,,0,634,,6227,16,,,0,75,,6228,16,,,0,35,,6240,16,,,0,75,,6229,16,,,0,80,,6241,16,,,0,44,,6230,16,,,0,70,,6242,16,,,0,30,,6231,16,,,0,70,,6243,16,,,0,30,,6232,16,,,0,85,,6244,16,,,0,70,,6233,16,,,0,30,,6245,16,,,0,70,,6234,16,,,0,28,,6251,16,,,0,28,,6250,16,,,0
800,'100011',843,,7122,16,,,0,69,,7117,16,,,0,30,,7124,16,,,0,70,,7118,16,,,0,30,,7125,16,,,0,70,,7119,16,,,0,30,,7126,16,,,0,70,,7120,16,,,0,40,,7127,16,,,0,75,,7121,16,,,0,75,,7123,16,,,0
800,'100012',603,,7143,16,,,0,30,,7128,16,,,0,70,,7144,16,,,0,30,,7129,16,,,0,70,,7145,16,,,0,40,,7146,16,,,0,69,,7130,16,,,0,30,,7154,16,,,0,70,,7131,16,,,0,30,,7155,16,,,0,70,,7132,16,,,0,30,,7156,16,,,0,70,,7133,16,,,0,40,,7157,16,,,0,75,,7134,16,,,0,75,,7147,16,,,0,35,,7135,16,,,0,75,,7136,16,,,0,35,,7148,16,,,0,75,,7137,16,,,0,80,,7149,16,,,0,44,,7138,16,,,0,70,,7150,16,,,0,30,,7139,16,,,0,70,,7151,16,,,0,30,,7140,16,,,0,85,,7152,16,,,0,70,,7141,16,,,0,30,,7153,16,,,0,70,,7142,16,,,0,28,,7159,16,,,0,28,,7158,16,,,0
800,'100036',843,,6238,16,,,0,69,,6222,16,,,0,30,,6246,16,,,0,70,,6223,16,,,0,30,,6247,16,,,0,70,,6224,16,,,0,30,,6248,16,,,0,70,,6225,16,,,0,40,,6249,16,,,0,75,,6226,16,,,0,75,,6239,16,,,0
5100,'100010',751,,6530,33,,,0
5300,'100011',804,,7253,33,,,0
5300,'100036',804,,6536,33,,,0
5301,'100010',1525,,6537,20,,,0
5501,'100011',1501,,7256,6,,,0
5501,'100036',1501,,6543,6,,,0
