700,'100000',807,,6165,12,,,0,100,,6166,12,,,0,100,,6167,12,,,0,100,,6168,12,,,0,100,,6169,12,,,0,115,,6170,12,,,0,100,,6171,12,,,0,100,,6172,12,,,0,115,,6173,12,,,0,100,,6174,12,,,0,100,,6175,12,,,0
700,'100009',807,,6120,12,,,0,100,,6121,12,,,0,100,,6122,12,,,0,100,,6123,12,,,0,100,,6124,12,,,0,115,,6125,12,,,0,100,,6126,12,,,0,100,,6127,12,,,0,115,,6128,12,,,0,100,,6129,12,,,0,100,,6130,12,,,0
700,'100010',529,,6131,12,,,0,30,,6141,12,,,0,70,,6132,12,,,0,18,,6159,12,,,0,12,,6142,12,,,0,70,,6133,12,,,0,30,,6143,12,,,0,80,,6152,12,,,0,70,,6134,12,,,0,30,,6153,12,,,0,70,,6135,12,,,0,30,,6160,12,,,0,70,,6136,12,,,0,30,,6161,12,,,0,70,,6137,12,,,0,40,,6162,12,,,0,75,,6138,12,,,0,35,,6144,12,,,0,75,,6139,12,,,0,75,,6145,12,,,0,35,,6140,12,,,0,75,,6146,12,,,0,40,,6147,12,,,0,83,,6154,12,,,0,70,,6148,12,,,0,30,,6155,12,,,0,70,,6149,12,,,0,30,,6156,12,,,0,85,,6150,12,,,0,30,,6157,12,,,0,70,,6151,12,,,0,30,,6158,12,,,0,70,,6163,12,,,0,30,,6164,12,,,0
700,'100012',529,,7083,12,,,0,30,,7093,12,,,0,70,,7084,12,,,0,18,,7111,12,,,0,12,,7094,12,,,0,70,,7085,12,,,0,30,,7095,12,,,0,80,,7104,12,,,0,70,,7086,12,,,0,30,,7105,12,,,0,70,,7087,12,,,0,30,,7112,12,,,0,70,,7088,12,,,0,30,,7113,12,,,0,70,,7089,12,,,0,40,,7114,12,,,0,75,,7090,12,,,0,35,,7096,12,,,0,75,,7091,12,,,0,75,,7097,12,,,0,35,,7092,12,,,0,75,,7098,12,,,0,40,,7099,12,,,0,83,,7106,12,,,0,70,,7100,12,,,0,30,,7107,12,,,0,70,,7101,12,,,0,30,,7108,12,,,0,85,,7102,12,,,0,30,,7109,12,,,0,70,,7103,12,,,0,30,,7110,12,,,0,70,,7115,12,,,0,30,,7116,12,,,0
800,'100000',737,,6252,11,,,0,100,,6253,11,,,0,100,,6254,11,,,0,100,,6255,11,,,0,100,,6256,11,,,0,115,,6257,11,,,0,100,,6258,11,,,0,100,,6259,11,,,0,100,,6260,11,,,0,155,,6261,11,,,0,100,,6262,11,,,0,100,,6263,11,,,0
800,'100009',737,,6208,11,,,0,100,,6214,11,,,0,100,,6209,11,,,0,100,,6215,11,,,0,100,,6210,11,,,0,115,,6216,11,,,0,100,,6211,11,,,0,100,,6217,11,,,0,100,,6212,11,,,0,155,,6218,11,,,0,100,,6213,11,,,0,100,,6219,11,,,0
800,'100010',559,,6235,11,,,0,70,,6220,11,,,0,30,,6236,11,,,0,70,,6221,11,,,0,30,,6237,11,,,0,674,,6227,11,,,0,75,,6228,11,,,0,35,,6240,11,,,0,75,,6229,11,,,0,40,,6241,11,,,0,84,,6230,11,,,0,70,,6242,11,,,0,30,,6231,11,,,0,70,,6243,11,,,0,30,,6232,11,,,0,85,,6244,11,,,0,30,,6233,11,,,0,70,,6245,11,,,0,30,,6234,11,,,0,69,,6251,11,,,0,28,,6250,11,,,0
800,'100011',839,,7122,11,,,0,69,,7117,11,,,0,30,,7124,11,,,0,70,,7118,11,,,0,30,,7125,11,,,0,70,,7119,11,,,0,30,,7126,11,,,0,70,,7120,11,,,0,40,,7127,11,,,0,75,,7121,11,,,0,35,,7123,11,,,0
800,'100012',559,,7143,11,,,0,70,,7128,11,,,0,30,,7144,11,,,0,70,,7129,11,,,0,30,,7145,11,,,0,80,,7146,11,,,0,69,,7130,11,,,0,30,,7154,11,,,0,70,,7131,11,,,0,30,,7155,11,,,0,70,,7132,11,,,0,30,,7156,11,,,0,70,,7133,11,,,0,40,,7157,11,,,0,75,,7134,11,,,0,35,,7147,11,,,0,75,,7135,11,,,0,75,,7136,11,,,0,35,,7148,11,,,0,75,,7137,11,,,0,40,,7149,11,,,0,84,,7138,11,,,0,70,,7150,11,,,0,30,,7139,11,,,0,70,,7151,11,,,0,30,,7140,11,,,0,85,,7152,11,,,0,30,,7141,11,,,0,70,,7153,11,,,0,30,,7142,11,,,0,69,,7159,11,,,0,28,,7158,11,,,0
800,'100036',839,,6238,11,,,0,69,,6222,11,,,0,30,,6246,11,,,0,70,,6223,11,,,0,30,,6247,11,,,0,70,,6224,11,,,0,30,,6248,11,,,0,70,,6225,11,,,0,40,,6249,11,,,0,75,,6226,11,,,0,35,,6239,11,,,0
5001,'100010',1502,,6529,8,,,0
