300,'100000',823,,5685,32,0,34 2 35 15 7 16,0,100,,5686,32,0,34 2 35 15 7 16,0,100,,5687,32,0,34 2 35 15 7 16,0,100,,5688,32,0,34 2 35 15 7 16,0,100,,5689,32,0,34 2 35 15 7 16,0,115,,5690,32,0,34 2 35 15 7 16,0,100,,5691,32,0,34 2 35 15 7 16,0,100,,5692,32,0,34 2 35 15 7 16,0,100,,5693,32,0,34 2 35 15 7 16,0,115,,5694,32,0,34 2 35 15 7 16,0,100,,5695,32,0,34 2 35 15 7 16,0
300,'100009',823,,5637,32,0,34 2 35 15 7 16,0,100,,5638,32,0,34 2 35 15 7 16,0,100,,5639,32,0,34 2 35 15 7 16,0,100,,5640,32,0,34 2 35 15 7 16,0,100,,5641,32,0,34 2 35 15 7 16,0,115,,5647,32,0,34 2 35 15 7 16,0,100,,5642,32,0,34 2 35 15 7 16,0,100,,5643,32,0,34 2 35 15 7 16,0,100,,5644,32,0,34 2 35 15 7 16,0,115,,5645,32,0,34 2 35 15 7 16,0,100,,5646,32,0,34 2 35 15 7 16,0
300,'100010',547,,5648,32,0,34 2 35 15 7 16,0,70,,5649,32,0,34 2 35 15 7 16,0,15,,5655,32,0,34 2 35 15 7 16,0,15,,5650,32,0,34 2 35 15 7 16,0,70,,5651,32,0,34 2 35 15 7 16,0,30,,5652,32,0,34 2 35 15 7 16,0,70,,5653,32,0,34 2 35 15 7 16,0,10,,5656,32,0,34 2 35 15 7 16,0,20,,5654,32,0,34 2 35 15 7 16,0,80,,5657,32,0,34 2 35 15 7 16,0,30,,5661,32,0,34 2 35 15 7 16,0,70,,5658,32,0,34 2 35 15 7 16,0,30,,5662,32,0,34 2 35 15 7 16,0,70,,5659,32,0,34 2 35 15 7 16,0,30,,5663,32,0,34 2 35 15 7 16,0,73,,5660,32,0,34 2 35 15 7 16,0,70,,5664,32,0,34 2 35 15 7 16,0,43,,5665,32,0,34 2 35 15 7 16,0,75,,5666,32,0,34 2 35 15 7 16,0,35,,5667,32,0,34 2 35 15 7 16,0,1,,5682,32,0,34 2 35 15 7 16,0,53,,5683,32,0,34 2 35 15 7 16,0,21,,5668,32,0,34 2 35 15 7 16,0,75,,5669,32,0,34 2 35 15 7 16,0,5,,5684,32,0,34 2 35 15 7 16,0,30,,5670,32,0,34 2 35 15 7 16,0,75,,5671,32,0,34 2 35 15 7 16,0,40,,5672,32,0,34 2 35 15 7 16,0,77,,5673,32,0,34 2 35 15 7 16,0,70,,5674,32,0,34 2 35 15 7 16,0,30,,5675,32,0,34 2 35 15 7 16,0,70,,5676,32,0,34 2 35 15 7 16,0,30,,5677,32,0,34 2 35 15 7 16,0,85,,5678,32,0,34 2 35 15 7 16,0,30,,5679,32,0,34 2 35 15 7 16,0,70,,5680,32,0,34 2 35 15 7 16,0,30,,5681,32,0,34 2 35 15 7 16,0
300,'100012',547,,6909,32,0,34 2 35 15 7 16,0,70,,6910,32,0,34 2 35 15 7 16,0,15,,6916,32,0,34 2 35 15 7 16,0,15,,6911,32,0,34 2 35 15 7 16,0,70,,6912,32,0,34 2 35 15 7 16,0,30,,6913,32,0,34 2 35 15 7 16,0,70,,6914,32,0,34 2 35 15 7 16,0,10,,6917,32,0,34 2 35 15 7 16,0,20,,6915,32,0,34 2 35 15 7 16,0,80,,6918,32,0,34 2 35 15 7 16,0,30,,6922,32,0,34 2 35 15 7 16,0,70,,6919,32,0,34 2 35 15 7 16,0,30,,6923,32,0,34 2 35 15 7 16,0,70,,6920,32,0,34 2 35 15 7 16,0,30,,6924,32,0,34 2 35 15 7 16,0,73,,6921,32,0,34 2 35 15 7 16,0,70,,6925,32,0,34 2 35 15 7 16,0,43,,6926,32,0,34 2 35 15 7 16,0,75,,6927,32,0,34 2 35 15 7 16,0,35,,6928,32,0,34 2 35 15 7 16,0,1,,6943,32,0,34 2 35 15 7 16,0,53,,6944,32,0,34 2 35 15 7 16,0,21,,6929,32,0,34 2 35 15 7 16,0,75,,6930,32,0,34 2 35 15 7 16,0,5,,6945,32,0,34 2 35 15 7 16,0,30,,6931,32,0,34 2 35 15 7 16,0,75,,6932,32,0,34 2 35 15 7 16,0,40,,6933,32,0,34 2 35 15 7 16,0,77,,6934,32,0,34 2 35 15 7 16,0,70,,6935,32,0,34 2 35 15 7 16,0,30,,6936,32,0,34 2 35 15 7 16,0,70,,6937,32,0,34 2 35 15 7 16,0,30,,6938,32,0,34 2 35 15 7 16,0,85,,6939,32,0,34 2 35 15 7 16,0,30,,6940,32,0,34 2 35 15 7 16,0,70,,6941,32,0,34 2 35 15 7 16,0,30,,6942,32,0,34 2 35 15 7 16,0
400,'100000',754,,5883,39,,,0,68,,5895,39,,,0,32,,5884,39,,,0,68,,5896,39,,,0,32,,5885,39,,,0,68,,5897,39,,,0,32,,5886,39,,,0,68,,5898,39,,,0,32,,5887,39,,,0,68,,5899,39,,,0,87,,5888,39,,,0,28,,5900,39,,,0,72,,5889,39,,,0,28,,5901,39,,,0,72,,5890,39,,,0,28,,5902,39,,,0,72,,5891,39,,,0,43,,5903,39,,,0,72,,5892,39,,,0,28,,5904,39,,,0,72,,5893,39,,,0,28,,5905,39,,,0,72,,5894,39,,,0
400,'100009',754,,5827,39,,,0,68,,5838,39,,,0,32,,5828,39,,,0,68,,5839,39,,,0,32,,5829,39,,,0,68,,5840,39,,,0,32,,5830,39,,,0,68,,5841,39,,,0,32,,5831,39,,,0,68,,5842,39,,,0,87,,5832,39,,,0,28,,5843,39,,,0,72,,5833,39,,,0,28,,5844,39,,,0,72,,5834,39,,,0,28,,5845,39,,,0,72,,5835,39,,,0,43,,5846,39,,,0,72,,5836,39,,,0,28,,5847,39,,,0,72,,5837,39,,,0,28,,5848,39,,,0,72,,5826,39,,,0
400,'100010',547,,5878,39,,,0,70,,5857,39,,,0,30,,5849,39,,,0,58,,5876,39,,,0,12,,5858,39,,,0,30,,5850,39,,,0,70,,5859,39,,,0,40,,5851,39,,,0,70,,5877,39,,,0,30,,5852,39,,,0,70,,5873,39,,,0,30,,5853,39,,,0,70,,5874,39,,,0,30,,5854,39,,,0,70,,5875,39,,,0,80,,5855,39,,,0,35,,5880,39,,,0,75,,5856,39,,,0,35,,5860,39,,,0,75,,5879,39,,,0,75,,5861,39,,,0,35,,5862,39,,,0,80,,5868,39,,,0,83,,5863,39,,,0,30,,5869,39,,,0,70,,5864,39,,,0,30,,5870,39,,,0,70,,5865,39,,,0,45,,5871,39,,,0,70,,5866,39,,,0,30,,5872,39,,,0,70,,5867,39,,,0,30,,5881,39,,,0,70,,5882,39,,,0
400,'100012',547,,7011,39,,,0,70,,6990,39,,,0,30,,6982,39,,,0,58,,7009,39,,,0,12,,6991,39,,,0,30,,6983,39,,,0,70,,6992,39,,,0,40,,6984,39,,,0,70,,7010,39,,,0,30,,6985,39,,,0,70,,7006,39,,,0,30,,6986,39,,,0,70,,7007,39,,,0,30,,6987,39,,,0,70,,7008,39,,,0,80,,6988,39,,,0,35,,7013,39,,,0,75,,6989,39,,,0,35,,6993,39,,,0,75,,7012,39,,,0,75,,6994,39,,,0,35,,6995,39,,,0,80,,7001,39,,,0,83,,6996,39,,,0,30,,7002,39,,,0,70,,6997,39,,,0,30,,7003,39,,,0,70,,6998,39,,,0,45,,7004,39,,,0,70,,6999,39,,,0,30,,7005,39,,,0,70,,7000,39,,,0,30,,7014,39,,,0,70,,7015,39,,,0
800,'100000',754,,6252,40,,,0,100,,6253,40,,,0,100,,6254,40,,,0,100,,6255,40,,,0,100,,6256,40,,,0,155,,6257,40,,,0,100,,6258,40,,,0,100,,6259,40,,,0,100,,6260,40,,,0,115,,6261,40,,,0,100,,6262,40,,,0,100,,6263,40,,,0
800,'100009',754,,6208,40,,,0,100,,6214,40,,,0,100,,6209,40,,,0,100,,6215,40,,,0,100,,6210,40,,,0,155,,6216,40,,,0,100,,6211,40,,,0,100,,6217,40,,,0,100,,6212,40,,,0,115,,6218,40,,,0,100,,6213,40,,,0,100,,6219,40,,,0
800,'100010',617,,6235,40,,,0,30,,6220,40,,,0,70,,6236,40,,,0,30,,6221,40,,,0,70,,6237,40,,,0,637,,6227,40,,,0,75,,6228,40,,,0,75,,6240,40,,,0,35,,6229,40,,,0,80,,6241,40,,,0,81,,6230,40,,,0,30,,6242,40,,,0,70,,6231,40,,,0,30,,6243,40,,,0,70,,6232,40,,,0,45,,6244,40,,,0,70,,6233,40,,,0,30,,6245,40,,,0,70,,6234,40,,,0,28,,6251,40,,,0,68,,6250,40,,,0
800,'100011',857,,7122,40,,,0,69,,7117,40,,,0,30,,7124,40,,,0,70,,7118,40,,,0,30,,7125,40,,,0,70,,7119,40,,,0,30,,7126,40,,,0,70,,7120,40,,,0,83,,7127,40,,,0,35,,7121,40,,,0,75,,7123,40,,,0
800,'100012',617,,7143,40,,,0,30,,7128,40,,,0,70,,7144,40,,,0,30,,7129,40,,,0,70,,7145,40,,,0,40,,7146,40,,,0,69,,7130,40,,,0,30,,7154,40,,,0,70,,7131,40,,,0,30,,7155,40,,,0,70,,7132,40,,,0,30,,7156,40,,,0,70,,7133,40,,,0,83,,7157,40,,,0,35,,7134,40,,,0,75,,7147,40,,,0,35,,7135,40,,,0,75,,7136,40,,,0,75,,7148,40,,,0,35,,7137,40,,,0,80,,7149,40,,,0,81,,7138,40,,,0,30,,7150,40,,,0,70,,7139,40,,,0,30,,7151,40,,,0,70,,7140,40,,,0,45,,7152,40,,,0,70,,7141,40,,,0,30,,7153,40,,,0,70,,7142,40,,,0,28,,7159,40,,,0,68,,7158,40,,,0
800,'100036',857,,6238,40,,,0,69,,6222,40,,,0,30,,6246,40,,,0,70,,6223,40,,,0,30,,6247,40,,,0,70,,6224,40,,,0,30,,6248,40,,,0,70,,6225,40,,,0,83,,6249,40,,,0,35,,6226,40,,,0,75,,6239,40,,,0
