400,'100000',752,,5883,37,,,0,69,,5895,37,,,0,31,,5884,37,,,0,69,,5896,37,,,0,31,,5885,37,,,0,69,,5897,37,,,0,31,,5886,37,,,0,69,,5898,37,,,0,31,,5887,37,,,0,69,,5899,37,,,0,86,,5888,37,,,0,29,,5900,37,,,0,71,,5889,37,,,0,29,,5901,37,,,0,71,,5890,37,,,0,29,,5902,37,,,0,71,,5891,37,,,0,44,,5903,37,,,0,71,,5892,37,,,0,29,,5904,37,,,0,71,,5893,37,,,0,29,,5905,37,,,0,71,,5894,37,,,0
400,'100009',752,,5827,37,,,0,69,,5838,37,,,0,31,,5828,37,,,0,69,,5839,37,,,0,31,,5829,37,,,0,69,,5840,37,,,0,31,,5830,37,,,0,69,,5841,37,,,0,31,,5831,37,,,0,69,,5842,37,,,0,86,,5832,37,,,0,29,,5843,37,,,0,71,,5833,37,,,0,29,,5844,37,,,0,71,,5834,37,,,0,29,,5845,37,,,0,71,,5835,37,,,0,44,,5846,37,,,0,71,,5836,37,,,0,29,,5847,37,,,0,71,,5837,37,,,0,29,,5848,37,,,0,71,,5826,37,,,0
400,'100010',546,,5878,37,,,0,70,,5857,37,,,0,30,,5849,37,,,0,57,,5876,37,,,0,13,,5858,37,,,0,30,,5850,37,,,0,70,,5859,37,,,0,40,,5851,37,,,0,69,,5877,37,,,0,31,,5852,37,,,0,70,,5873,37,,,0,30,,5853,37,,,0,70,,5874,37,,,0,30,,5854,37,,,0,70,,5875,37,,,0,79,,5855,37,,,0,35,,5880,37,,,0,75,,5856,37,,,0,35,,5860,37,,,0,75,,5879,37,,,0,75,,5861,37,,,0,35,,5862,37,,,0,80,,5868,37,,,0,43,,5863,37,,,0,70,,5869,37,,,0,30,,5864,37,,,0,70,,5870,37,,,0,30,,5865,37,,,0,85,,5871,37,,,0,70,,5866,37,,,0,30,,5872,37,,,0,70,,5867,37,,,0,30,,5881,37,,,0,70,,5882,37,,,0
400,'100012',546,,7011,37,,,0,70,,6990,37,,,0,30,,6982,37,,,0,57,,7009,37,,,0,13,,6991,37,,,0,30,,6983,37,,,0,70,,6992,37,,,0,40,,6984,37,,,0,69,,7010,37,,,0,31,,6985,37,,,0,70,,7006,37,,,0,30,,6986,37,,,0,70,,7007,37,,,0,30,,6987,37,,,0,70,,7008,37,,,0,79,,6988,37,,,0,35,,7013,37,,,0,75,,6989,37,,,0,35,,6993,37,,,0,75,,7012,37,,,0,75,,6994,37,,,0,35,,6995,37,,,0,80,,7001,37,,,0,43,,6996,37,,,0,70,,7002,37,,,0,30,,6997,37,,,0,70,,7003,37,,,0,30,,6998,37,,,0,85,,7004,37,,,0,70,,6999,37,,,0,30,,7005,37,,,0,70,,7000,37,,,0,30,,7014,37,,,0,70,,7015,37,,,0
800,'100000',752,,6252,38,,,0,100,,6253,38,,,0,100,,6254,38,,,0,100,,6255,38,,,0,100,,6256,38,,,0,155,,6257,38,,,0,100,,6258,38,,,0,100,,6259,38,,,0,100,,6260,38,,,0,115,,6261,38,,,0,100,,6262,38,,,0,100,,6263,38,,,0
800,'100009',752,,6208,38,,,0,100,,6214,38,,,0,100,,6209,38,,,0,100,,6215,38,,,0,100,,6210,38,,,0,155,,6216,38,,,0,100,,6211,38,,,0,100,,6217,38,,,0,100,,6212,38,,,0,115,,6218,38,,,0,100,,6213,38,,,0,100,,6219,38,,,0
800,'100010',616,,6235,38,,,0,30,,6220,38,,,0,70,,6236,38,,,0,30,,6221,38,,,0,70,,6237,38,,,0,636,,6227,38,,,0,75,,6228,38,,,0,75,,6240,38,,,0,35,,6229,38,,,0,80,,6241,38,,,0,41,,6230,38,,,0,70,,6242,38,,,0,30,,6231,38,,,0,70,,6243,38,,,0,30,,6232,38,,,0,85,,6244,38,,,0,70,,6233,38,,,0,30,,6245,38,,,0,70,,6234,38,,,0,29,,6251,38,,,0,68,,6250,38,,,0
800,'100011',856,,7122,38,,,0,69,,7117,38,,,0,30,,7124,38,,,0,70,,7118,38,,,0,30,,7125,38,,,0,70,,7119,38,,,0,30,,7126,38,,,0,70,,7120,38,,,0,82,,7127,38,,,0,35,,7121,38,,,0,75,,7123,38,,,0
800,'100012',616,,7143,38,,,0,30,,7128,38,,,0,70,,7144,38,,,0,30,,7129,38,,,0,70,,7145,38,,,0,40,,7146,38,,,0,69,,7130,38,,,0,30,,7154,38,,,0,70,,7131,38,,,0,30,,7155,38,,,0,70,,7132,38,,,0,30,,7156,38,,,0,70,,7133,38,,,0,82,,7157,38,,,0,35,,7134,38,,,0,75,,7147,38,,,0,35,,7135,38,,,0,75,,7136,38,,,0,75,,7148,38,,,0,35,,7137,38,,,0,80,,7149,38,,,0,41,,7138,38,,,0,70,,7150,38,,,0,30,,7139,38,,,0,70,,7151,38,,,0,30,,7140,38,,,0,85,,7152,38,,,0,70,,7141,38,,,0,30,,7153,38,,,0,70,,7142,38,,,0,29,,7159,38,,,0,68,,7158,38,,,0
800,'100036',856,,6238,38,,,0,69,,6222,38,,,0,30,,6246,38,,,0,70,,6223,38,,,0,30,,6247,38,,,0,70,,6224,38,,,0,30,,6248,38,,,0,70,,6225,38,,,0,82,,6249,38,,,0,35,,6226,38,,,0,75,,6239,38,,,0
