500,'100000',819,,5981,37,,,0,100,,5982,37,,,0,100,,5983,37,,,0,100,,5984,37,,,0,100,,5985,37,,,0,115,,5986,37,,,0,100,,5987,37,,,0,100,,5988,37,,,0,115,,5989,37,,,0,100,,5990,37,,,0,100,,5991,37,,,0
500,'100009',819,,5938,37,,,0,100,,5944,37,,,0,100,,5939,37,,,0,100,,5945,37,,,0,100,,5940,37,,,0,115,,5946,37,,,0,100,,5941,37,,,0,100,,5947,37,,,0,115,,5942,37,,,0,100,,5948,37,,,0,100,,5943,37,,,0
500,'100010',611,,5949,37,,,0,30,,5965,37,,,0,70,,5950,37,,,0,30,,5966,37,,,0,70,,5951,37,,,0,40,,5952,37,,,0,70,,5974,37,,,0,30,,5953,37,,,0,70,,5977,37,,,0,30,,5954,37,,,0,70,,5976,37,,,0,30,,5955,37,,,0,70,,5978,37,,,0,82,,5956,37,,,0,35,,5975,37,,,0,75,,5957,37,,,0,35,,5967,37,,,0,75,,5958,37,,,0,35,,5968,37,,,0,75,,5959,37,,,0,80,,5960,37,,,0,41,,5969,37,,,0,70,,5961,37,,,0,30,,5970,37,,,0,70,,5962,37,,,0,30,,5971,37,,,0,85,,5963,37,,,0,70,,5972,37,,,0,30,,5964,37,,,0,70,,5973,37,,,0,30,,5979,37,,,0,70,,5980,37,,,0
500,'100012',611,,7016,37,,,0,30,,7032,37,,,0,70,,7017,37,,,0,30,,7033,37,,,0,70,,7018,37,,,0,40,,7019,37,,,0,70,,7041,37,,,0,30,,7020,37,,,0,70,,7044,37,,,0,30,,7021,37,,,0,70,,7043,37,,,0,30,,7022,37,,,0,70,,7045,37,,,0,82,,7023,37,,,0,35,,7042,37,,,0,75,,7024,37,,,0,35,,7034,37,,,0,75,,7025,37,,,0,35,,7035,37,,,0,75,,7026,37,,,0,80,,7027,37,,,0,41,,7036,37,,,0,70,,7028,37,,,0,30,,7037,37,,,0,70,,7029,37,,,0,30,,7038,37,,,0,85,,7030,37,,,0,70,,7039,37,,,0,30,,7031,37,,,0,70,,7040,37,,,0,30,,7046,37,,,0,70,,7047,37,,,0
700,'100000',821,,6165,34,,,0,100,,6166,34,,,0,100,,6167,34,,,0,100,,6168,34,,,0,100,,6169,34,,,0,115,,6170,34,,,0,100,,6171,34,,,0,100,,6172,34,,,0,115,,6173,34,,,0,100,,6174,34,,,0,100,,6175,34,,,0
700,'100009',821,,6120,34,,,0,100,,6121,34,,,0,100,,6122,34,,,0,100,,6123,34,,,0,100,,6124,34,,,0,115,,6125,34,,,0,100,,6126,34,,,0,100,,6127,34,,,0,115,,6128,34,,,0,100,,6129,34,,,0,100,,6130,34,,,0
700,'100010',544,,6131,34,,,0,70,,6141,34,,,0,30,,6132,34,,,0,58,,6159,34,,,0,12,,6142,34,,,0,30,,6133,34,,,0,70,,6143,34,,,0,40,,6152,34,,,0,70,,6134,34,,,0,30,,6153,34,,,0,70,,6135,34,,,0,30,,6160,34,,,0,70,,6136,34,,,0,30,,6161,34,,,0,70,,6137,34,,,0,83,,6162,34,,,0,35,,6138,34,,,0,75,,6144,34,,,0,35,,6139,34,,,0,75,,6145,34,,,0,75,,6140,34,,,0,35,,6146,34,,,0,80,,6147,34,,,0,40,,6154,34,,,0,70,,6148,34,,,0,30,,6155,34,,,0,70,,6149,34,,,0,30,,6156,34,,,0,86,,6150,34,,,0,70,,6157,34,,,0,30,,6151,34,,,0,70,,6158,34,,,0,30,,6163,34,,,0,70,,6164,34,,,0
700,'100012',544,,7083,34,,,0,70,,7093,34,,,0,30,,7084,34,,,0,58,,7111,34,,,0,12,,7094,34,,,0,30,,7085,34,,,0,70,,7095,34,,,0,40,,7104,34,,,0,70,,7086,34,,,0,30,,7105,34,,,0,70,,7087,34,,,0,30,,7112,34,,,0,70,,7088,34,,,0,30,,7113,34,,,0,70,,7089,34,,,0,83,,7114,34,,,0,35,,7090,34,,,0,75,,7096,34,,,0,35,,7091,34,,,0,75,,7097,34,,,0,75,,7092,34,,,0,35,,7098,34,,,0,80,,7099,34,,,0,40,,7106,34,,,0,70,,7100,34,,,0,30,,7107,34,,,0,70,,7101,34,,,0,30,,7108,34,,,0,86,,7102,34,,,0,70,,7109,34,,,0,30,,7103,34,,,0,70,,7110,34,,,0,30,,7115,34,,,0,70,,7116,34,,,0
1000900,'100000',757,,6634,27,,,0,80,,6635,27,,,0,80,,6636,27,,,0,40,,6637,27,,,0,80,,6638,27,,,0,80,,6639,27,,,0,40,,6640,27,,,0,85,,6641,27,,,0,80,,6642,27,,,0,81,,6643,27,,,0,40,,6644,27,,,0,80,,6645,27,,,0,80,,6646,27,,,0,40,,6647,27,,,0,85,,6648,27,,,0,80,,6649,27,,,0,40,,6650,27,,,0,80,,6651,27,,,0
1000900,'100009',757,,6581,27,,,0,80,,6582,27,,,0,80,,6583,27,,,0,40,,6584,27,,,0,80,,6585,27,,,0,80,,6586,27,,,0,40,,6587,27,,,0,85,,6588,27,,,0,80,,6589,27,,,0,81,,6590,27,,,0,40,,6591,27,,,0,80,,6592,27,,,0,80,,6593,27,,,0,40,,6594,27,,,0,85,,6595,27,,,0,80,,6596,27,,,0,40,,6597,27,,,0,80,,6598,27,,,0
1000900,'100010',544,,6609,27,,,0,100,,6611,27,,,0,70,,6612,27,,,0,100,,6614,27,,,0,22,,6615,27,,,0,103,,6617,27,,,0,20,,6618,27,,,0,100,,6620,27,,,0,70,,6621,27,,,0,100,,6623,27,,,0,30,,6624,27,,,0,100,,6626,27,,,0,73,,6627,27,,,0,104,,6629,27,,,0,64,,6630,27,,,0,102,,6632,27,,,0,18,,6633,27,,,0,115,,6603,27,,,0,70,,6606,27,,,0,97,,6601,27,,,0,44,,6607,27,,,0,85,,6605,27,,,0,75,,6604,27,,,0,35,,6608,27,,,0,75,,6600,27,,,0
1000900,'100011',614,,7261,27,,,0,130,,7262,27,,,0,160,,7263,27,,,0,125,,7264,27,,,0,130,,7265,27,,,0,170,,7266,27,,,0,185,,7267,27,,,0,118,,7268,27,,,0,173,,7260,27,,,0,130,,7259,27,,,0
1000900,'100012',544,,7279,27,,,0,70,,7280,27,,,0,30,,7281,27,,,0,70,,7282,27,,,0,30,,7283,27,,,0,70,,7284,27,,,0,22,,7285,27,,,0,68,,7286,27,,,0,35,,7287,27,,,0,20,,7288,27,,,0,70,,7289,27,,,0,30,,7290,27,,,0,70,,7291,27,,,0,30,,7292,27,,,0,70,,7293,27,,,0,30,,7294,27,,,0,70,,7295,27,,,0,30,,7296,27,,,0,73,,7297,27,,,0,70,,7298,27,,,0,34,,7299,27,,,0,64,,7300,27,,,0,32,,7301,27,,,0,70,,7302,27,,,0,18,,7303,27,,,0,85,,7272,27,,,0,30,,7273,27,,,0,70,,7276,27,,,0,30,,7269,27,,,0,67,,7271,27,,,0,44,,7277,27,,,0,85,,7275,27,,,0,75,,7274,27,,,0,35,,7278,27,,,0,75,,7270,27,,,0
1000900,'100036',614,,6610,27,,,0,130,,6613,27,,,0,160,,6616,27,,,0,125,,6619,27,,,0,130,,6622,27,,,0,170,,6625,27,,,0,173,,6628,27,,,0,130,,6631,27,,,0,173,,6602,27,,,0,130,,6599,27,,,0
2000900,'100000',819,,6739,25,,,0,40,,6740,25,,,0,80,,6741,25,,,0,80,,6742,25,,,0,40,,6743,25,,,0,80,,6744,25,,,0,79,,6745,25,,,0,40,,6746,25,,,0,85,,6747,25,,,0,80,,6748,25,,,0,81,,6749,25,,,0,40,,6750,25,,,0,85,,6751,25,,,0,80,,6752,25,,,0,40,,6753,25,,,0,80,,6754,25,,,0,80,,6755,25,,,0
2000900,'100009',819,,6687,25,,,0,40,,6688,25,,,0,80,,6689,25,,,0,80,,6690,25,,,0,40,,6691,25,,,0,80,,6692,25,,,0,79,,6693,25,,,0,40,,6694,25,,,0,85,,6695,25,,,0,80,,6696,25,,,0,81,,6697,25,,,0,40,,6698,25,,,0,85,,6699,25,,,0,80,,6700,25,,,0,40,,6701,25,,,0,80,,6702,25,,,0,80,,6703,25,,,0
2000900,'100010',609,,6704,25,,,0,20,,6705,25,,,0,100,,6707,25,,,0,30,,6708,25,,,0,100,,6710,25,,,0,62,,6735,25,,,0,98,,6712,25,,,0,20,,6713,25,,,0,100,,6715,25,,,0,70,,6716,25,,,0,100,,6718,25,,,0,30,,6719,25,,,0,102,,6721,25,,,0,71,,6722,25,,,0,104,,6724,25,,,0,24,,6725,25,,,0,110,,6727,25,,,0,70,,6728,25,,,0,100,,6730,25,,,0,30,,6731,25,,,0,97,,6733,25,,,0,74,,6734,25,,,0,85,,6736,25,,,0,35,,6737,25,,,0,76,,6738,25,,,0
2000900,'100011',659,,7304,25,,,0,160,,7305,25,,,0,130,,7306,25,,,0,160,,7307,25,,,0,130,,7308,25,,,0,170,,7309,25,,,0,144,,7310,25,,,0,159,,7311,25,,,0,138,,7312,25,,,0,165,,7313,25,,,0
2000900,'100012',609,,7314,25,,,0,20,,7315,25,,,0,30,,7316,25,,,0,70,,7317,25,,,0,30,,7318,25,,,0,60,,7319,25,,,0,40,,7320,25,,,0,62,,7345,25,,,0,28,,7321,25,,,0,70,,7322,25,,,0,20,,7323,25,,,0,70,,7324,25,,,0,30,,7325,25,,,0,70,,7326,25,,,0,30,,7327,25,,,0,70,,7328,25,,,0,30,,7329,25,,,0,70,,7330,25,,,0,32,,7331,25,,,0,71,,7332,25,,,0,41,,7333,25,,,0,63,,7334,25,,,0,24,,7335,25,,,0,72,,7336,25,,,0,38,,7337,25,,,0,70,,7338,25,,,0,30,,7339,25,,,0,70,,7340,25,,,0,30,,7341,25,,,0,65,,7342,25,,,0,32,,7343,25,,,0,74,,7344,25,,,0,85,,7346,25,,,0,35,,7347,25,,,0,76,,7348,25,,,0
2000900,'100036',659,,6706,25,,,0,160,,6709,25,,,0,130,,6711,25,,,0,160,,6714,25,,,0,130,,6717,25,,,0,170,,6720,25,,,0,133,,6723,25,,,0,170,,6726,25,,,0,138,,6729,25,,,0,165,,6732,25,,,0
