301,'100000',731,,5783,2,0,34 2 35 15 7 16,0,100,,5784,2,0,34 2 35 15 7 16,0,100,,5785,2,0,34 2 35 15 7 16,0,101,,5786,2,0,34 2 35 15 7 16,0,100,,5787,2,0,34 2 35 15 7 16,0,115,,5788,2,0,34 2 35 15 7 16,0,100,,5789,2,0,34 2 35 15 7 16,0,100,,5790,2,0,34 2 35 15 7 16,0,100,,5791,2,0,34 2 35 15 7 16,0,155,,5780,2,0,34 2 35 15 7 16,0,100,,5781,2,0,34 2 35 15 7 16,0,100,,5782,2,0,34 2 35 15 7 16,0
301,'100009',731,,5735,2,0,34 2 35 15 7 16,0,100,,5736,2,0,34 2 35 15 7 16,0,100,,5737,2,0,34 2 35 15 7 16,0,101,,5738,2,0,34 2 35 15 7 16,0,100,,5739,2,0,34 2 35 15 7 16,0,115,,5740,2,0,34 2 35 15 7 16,0,100,,5741,2,0,34 2 35 15 7 16,0,100,,5742,2,0,34 2 35 15 7 16,0,100,,5743,2,0,34 2 35 15 7 16,0,155,,5734,2,0,34 2 35 15 7 16,0,100,,5732,2,0,34 2 35 15 7 16,0,100,,5733,2,0,34 2 35 15 7 16,0
301,'100010',524,,5744,2,0,34 2 35 15 7 16,0,30,,5745,2,0,34 2 35 15 7 16,0,70,,5746,2,0,34 2 35 15 7 16,0,30,,5747,2,0,34 2 35 15 7 16,0,70,,5748,2,0,34 2 35 15 7 16,0,10,,5778,2,0,34 2 35 15 7 16,0,20,,5753,2,0,34 2 35 15 7 16,0,80,,5749,2,0,34 2 35 15 7 16,0,70,,5754,2,0,34 2 35 15 7 16,0,30,,5750,2,0,34 2 35 15 7 16,0,70,,5755,2,0,34 2 35 15 7 16,0,30,,5751,2,0,34 2 35 15 7 16,0,70,,5756,2,0,34 2 35 15 7 16,0,30,,5752,2,0,34 2 35 15 7 16,0,70,,5757,2,0,34 2 35 15 7 16,0,38,,5758,2,0,34 2 35 15 7 16,0,75,,5759,2,0,34 2 35 15 7 16,0,35,,5760,2,0,34 2 35 15 7 16,0,54,,5777,2,0,34 2 35 15 7 16,0,21,,5761,2,0,34 2 35 15 7 16,0,75,,5762,2,0,34 2 35 15 7 16,0,5,,5779,2,0,34 2 35 15 7 16,0,30,,5763,2,0,34 2 35 15 7 16,0,75,,5764,2,0,34 2 35 15 7 16,0,40,,5765,2,0,34 2 35 15 7 16,0,85,,5766,2,0,34 2 35 15 7 16,0,70,,5767,2,0,34 2 35 15 7 16,0,30,,5768,2,0,34 2 35 15 7 16,0,70,,5769,2,0,34 2 35 15 7 16,0,30,,5770,2,0,34 2 35 15 7 16,0,85,,5771,2,0,34 2 35 15 7 16,0,30,,5772,2,0,34 2 35 15 7 16,0,70,,5773,2,0,34 2 35 15 7 16,0,30,,5774,2,0,34 2 35 15 7 16,0,70,,5775,2,0,34 2 35 15 7 16,0,30,,5776,2,0,34 2 35 15 7 16,0
301,'100011',524,,6946,2,0,34 2 35 15 7 16,0,30,,6947,2,0,34 2 35 15 7 16,0,70,,6948,2,0,34 2 35 15 7 16,0,30,,6949,2,0,34 2 35 15 7 16,0,70,,6950,2,0,34 2 35 15 7 16,0,10,,6980,2,0,34 2 35 15 7 16,0,20,,6955,2,0,34 2 35 15 7 16,0,80,,6951,2,0,34 2 35 15 7 16,0,70,,6956,2,0,34 2 35 15 7 16,0,30,,6952,2,0,34 2 35 15 7 16,0,70,,6957,2,0,34 2 35 15 7 16,0,30,,6953,2,0,34 2 35 15 7 16,0,70,,6958,2,0,34 2 35 15 7 16,0,30,,6954,2,0,34 2 35 15 7 16,0,70,,6959,2,0,34 2 35 15 7 16,0,38,,6960,2,0,34 2 35 15 7 16,0,75,,6961,2,0,34 2 35 15 7 16,0,35,,6962,2,0,34 2 35 15 7 16,0,54,,6979,2,0,34 2 35 15 7 16,0,21,,6963,2,0,34 2 35 15 7 16,0,75,,6964,2,0,34 2 35 15 7 16,0,5,,6981,2,0,34 2 35 15 7 16,0,30,,6965,2,0,34 2 35 15 7 16,0,75,,6966,2,0,34 2 35 15 7 16,0,40,,6967,2,0,34 2 35 15 7 16,0,85,,6968,2,0,34 2 35 15 7 16,0,70,,6969,2,0,34 2 35 15 7 16,0,30,,6970,2,0,34 2 35 15 7 16,0,70,,6971,2,0,34 2 35 15 7 16,0,30,,6972,2,0,34 2 35 15 7 16,0,85,,6973,2,0,34 2 35 15 7 16,0,30,,6974,2,0,34 2 35 15 7 16,0,70,,6975,2,0,34 2 35 15 7 16,0,30,,6976,2,0,34 2 35 15 7 16,0,70,,6977,2,0,34 2 35 15 7 16,0,30,,6978,2,0,34 2 35 15 7 16,0
400,'100000',732,,5883,2,,,0,70,,5895,2,,,0,30,,5884,2,,,0,70,,5896,2,,,0,30,,5885,2,,,0,70,,5897,2,,,0,30,,5886,2,,,0,70,,5898,2,,,0,30,,5887,2,,,0,70,,5899,2,,,0,45,,5888,2,,,0,70,,5900,2,,,0,30,,5889,2,,,0,70,,5901,2,,,0,30,,5890,2,,,0,70,,5902,2,,,0,30,,5891,2,,,0,85,,5903,2,,,0,70,,5892,2,,,0,30,,5904,2,,,0,70,,5893,2,,,0,30,,5905,2,,,0,70,,5894,2,,,0
400,'100009',732,,5827,2,,,0,70,,5838,2,,,0,30,,5828,2,,,0,70,,5839,2,,,0,30,,5829,2,,,0,70,,5840,2,,,0,30,,5830,2,,,0,70,,5841,2,,,0,30,,5831,2,,,0,70,,5842,2,,,0,45,,5832,2,,,0,70,,5843,2,,,0,30,,5833,2,,,0,70,,5844,2,,,0,30,,5834,2,,,0,70,,5845,2,,,0,30,,5835,2,,,0,85,,5846,2,,,0,70,,5836,2,,,0,30,,5847,2,,,0,70,,5837,2,,,0,30,,5848,2,,,0,70,,5826,2,,,0
400,'100010',524,,5878,2,,,0,30,,5857,2,,,0,70,,5849,2,,,0,18,,5876,2,,,0,12,,5858,2,,,0,70,,5850,2,,,0,30,,5859,2,,,0,80,,5851,2,,,0,69,,5877,2,,,0,31,,5852,2,,,0,70,,5873,2,,,0,30,,5853,2,,,0,70,,5874,2,,,0,30,,5854,2,,,0,70,,5875,2,,,0,38,,5855,2,,,0,75,,5880,2,,,0,35,,5856,2,,,0,75,,5860,2,,,0,75,,5879,2,,,0,35,,5861,2,,,0,75,,5862,2,,,0,40,,5868,2,,,0,85,,5863,2,,,0,70,,5869,2,,,0,30,,5864,2,,,0,70,,5870,2,,,0,30,,5865,2,,,0,85,,5871,2,,,0,30,,5866,2,,,0,70,,5872,2,,,0,30,,5867,2,,,0,70,,5881,2,,,0,30,,5882,2,,,0
400,'100011',524,,7011,2,,,0,30,,6990,2,,,0,70,,6982,2,,,0,18,,7009,2,,,0,12,,6991,2,,,0,70,,6983,2,,,0,30,,6992,2,,,0,80,,6984,2,,,0,69,,7010,2,,,0,31,,6985,2,,,0,70,,7006,2,,,0,30,,6986,2,,,0,70,,7007,2,,,0,30,,6987,2,,,0,70,,7008,2,,,0,38,,6988,2,,,0,75,,7013,2,,,0,35,,6989,2,,,0,75,,6993,2,,,0,75,,7012,2,,,0,35,,6994,2,,,0,75,,6995,2,,,0,40,,7001,2,,,0,85,,6996,2,,,0,70,,7002,2,,,0,30,,6997,2,,,0,70,,7003,2,,,0,30,,6998,2,,,0,85,,7004,2,,,0,30,,6999,2,,,0,70,,7005,2,,,0,30,,7000,2,,,0,70,,7014,2,,,0,30,,7015,2,,,0
500,'100000',802,,5981,2,,,0,100,,5982,2,,,0,100,,5983,2,,,0,100,,5984,2,,,0,100,,5985,2,,,0,115,,5986,2,,,0,100,,5987,2,,,0,100,,5988,2,,,0,115,,5989,2,,,0,100,,5990,2,,,0,100,,5991,2,,,0
500,'100009',802,,5938,2,,,0,100,,5944,2,,,0,100,,5939,2,,,0,100,,5945,2,,,0,100,,5940,2,,,0,115,,5946,2,,,0,100,,5941,2,,,0,100,,5947,2,,,0,115,,5942,2,,,0,100,,5948,2,,,0,100,,5943,2,,,0
500,'100010',554,,5949,2,,,0,70,,5965,2,,,0,30,,5950,2,,,0,70,,5966,2,,,0,30,,5951,2,,,0,80,,5952,2,,,0,70,,5974,2,,,0,30,,5953,2,,,0,70,,5977,2,,,0,30,,5954,2,,,0,70,,5976,2,,,0,30,,5955,2,,,0,70,,5978,2,,,0,39,,5956,2,,,0,75,,5975,2,,,0,35,,5957,2,,,0,75,,5967,2,,,0,75,,5958,2,,,0,35,,5968,2,,,0,75,,5959,2,,,0,40,,5960,2,,,0,84,,5969,2,,,0,70,,5961,2,,,0,30,,5970,2,,,0,70,,5962,2,,,0,30,,5971,2,,,0,85,,5963,2,,,0,30,,5972,2,,,0,70,,5964,2,,,0,30,,5973,2,,,0,70,,5979,2,,,0,30,,5980,2,,,0
500,'100011',554,,7016,2,,,0,70,,7032,2,,,0,30,,7017,2,,,0,70,,7033,2,,,0,30,,7018,2,,,0,80,,7019,2,,,0,70,,7041,2,,,0,30,,7020,2,,,0,70,,7044,2,,,0,30,,7021,2,,,0,70,,7043,2,,,0,30,,7022,2,,,0,70,,7045,2,,,0,39,,7023,2,,,0,75,,7042,2,,,0,35,,7024,2,,,0,75,,7034,2,,,0,75,,7025,2,,,0,35,,7035,2,,,0,75,,7026,2,,,0,40,,7027,2,,,0,84,,7036,2,,,0,70,,7028,2,,,0,30,,7037,2,,,0,70,,7029,2,,,0,30,,7038,2,,,0,85,,7030,2,,,0,30,,7039,2,,,0,70,,7031,2,,,0,30,,7040,2,,,0,70,,7046,2,,,0,30,,7047,2,,,0
800,'100000',731,,6252,2,,,0,100,,6253,2,,,0,100,,6254,2,,,0,100,,6255,2,,,0,100,,6256,2,,,0,115,,6257,2,,,0,100,,6258,2,,,0,100,,6259,2,,,0,100,,6260,2,,,0,155,,6261,2,,,0,100,,6262,2,,,0,100,,6263,2,,,0
800,'100009',731,,6208,2,,,0,100,,6214,2,,,0,100,,6209,2,,,0,100,,6215,2,,,0,100,,6210,2,,,0,115,,6216,2,,,0,100,,6211,2,,,0,100,,6217,2,,,0,100,,6212,2,,,0,155,,6218,2,,,0,100,,6213,2,,,0,100,,6219,2,,,0
800,'100010',553,,6235,2,,,0,70,,6220,2,,,0,30,,6236,2,,,0,70,,6221,2,,,0,30,,6237,2,,,0,80,,7122,2,,,0,70,,7117,2,,,0,30,,7124,2,,,0,70,,7118,2,,,0,30,,7125,2,,,0,70,,7119,2,,,0,30,,7126,2,,,0,70,,7120,2,,,0,39,,7127,2,,,0,75,,7121,2,,,0,35,,7123,2,,,0,75,,6227,2,,,0,75,,6228,2,,,0,35,,6240,2,,,0,75,,6229,2,,,0,40,,6241,2,,,0,84,,6230,2,,,0,70,,6242,2,,,0,30,,6231,2,,,0,70,,6243,2,,,0,30,,6232,2,,,0,85,,6244,2,,,0,30,,6233,2,,,0,70,,6245,2,,,0,30,,6234,2,,,0,70,,6251,2,,,0,28,,6250,2,,,0
800,'100011',553,,7143,2,,,0,70,,7128,2,,,0,30,,7144,2,,,0,70,,7129,2,,,0,30,,7145,2,,,0,80,,7146,2,,,0,70,,7130,2,,,0,30,,7154,2,,,0,70,,7131,2,,,0,30,,7155,2,,,0,70,,7132,2,,,0,30,,7156,2,,,0,70,,7133,2,,,0,39,,7157,2,,,0,75,,7134,2,,,0,35,,7147,2,,,0,75,,7135,2,,,0,75,,7136,2,,,0,35,,7148,2,,,0,75,,7137,2,,,0,40,,7149,2,,,0,84,,7138,2,,,0,70,,7150,2,,,0,30,,7139,2,,,0,70,,7151,2,,,0,30,,7140,2,,,0,85,,7152,2,,,0,30,,7141,2,,,0,70,,7153,2,,,0,30,,7142,2,,,0,70,,7159,2,,,0,28,,7158,2,,,0
