100,'100010',849,,3411,24,,,0,100,,3412,24,,,0,100,,3413,24,,,0,100,,3414,24,,,0,100,,3415,24,,,0,100,,3416,24,,,0,100,,3417,24,,,0,100,,3418,24,,,0,100,,3419,24,,,0,100,,3420,24,,,0,100,,3421,24,,,0,100,,3422,24,,,0
100,'100011',819,,3436,24,,,0,30,,3423,24,,,0,70,,3446,24,,,0,30,,3424,24,,,0,70,,3437,24,,,0,30,,3425,24,,,0,70,,3438,24,,,0,30,,3427,24,,,0,70,,3439,24,,,0,30,,3426,24,,,0,70,,3440,24,,,0,30,,3428,24,,,0,70,,3441,24,,,0,30,,3429,24,,,0,70,,3442,24,,,0,30,,3430,24,,,0,70,,3443,24,,,0,30,,3431,24,,,0,70,,3444,24,,,0,30,,3432,24,,,0,70,,3445,24,,,0,30,,3433,24,,,0,70,,3435,24,,,0,30,,3434,24,,,0
100,'100012',611,,3447,24,,,0,30,,3452,24,,,0,70,,3448,24,,,0,30,,3465,24,,,0,70,,3449,24,,,0,30,,3453,24,,,0,80,,3450,24,,,0,28,,3466,24,,,0,70,,3451,24,,,0,30,,3454,24,,,0,70,,3463,24,,,0,30,,3467,24,,,0,70,,3464,24,,,0,31,,3455,24,,,0,70,,3462,24,,,0,30,,3468,24,,,0,70,,3456,24,,,0,80,,3477,24,,,0,20,,3470,24,,,0,38,,3476,24,,,0,70,,3469,24,,,0,30,,3475,24,,,0,70,,3457,24,,,0,28,,3474,24,,,0,70,,3458,24,,,0,30,,3473,24,,,0,70,,3459,24,,,0,30,,3472,24,,,0,80,,3460,24,,,0,70,,3471,24,,,0,30,,3461,24,,,0,70,,3479,24,,,0,28,,3478,24,,,0,69,,3480,24,,,0
200,'100010',724,,4443,22,,,0,30,,4421,22,,,0,70,,4422,22,,,0,30,,4423,22,,,0,70,,4424,22,,,0,30,,4425,22,,,0,70,,4426,22,,,0,30,,4427,22,,,0,70,,4428,22,,,0,30,,4429,22,,,0,70,,4430,22,,,0,85,,4431,22,,,0,30,,4432,22,,,0,70,,4433,22,,,0,30,,4434,22,,,0,70,,4435,22,,,0,30,,4436,22,,,0,70,,4446,22,,,0,45,,4438,22,,,0,70,,4439,22,,,0,30,,4440,22,,,0,70,,4441,22,,,0,30,,4442,22,,,0,70,,4437,22,,,0
200,'100011',724,,4468,22,,,0,30,,4467,22,,,0,70,,4448,22,,,0,30,,4447,22,,,0,70,,4449,22,,,0,30,,4450,22,,,0,70,,4451,22,,,0,30,,4452,22,,,0,70,,4453,22,,,0,30,,4454,22,,,0,70,,4471,22,,,0,85,,4455,22,,,0,30,,4456,22,,,0,70,,4457,22,,,0,30,,4458,22,,,0,70,,4459,22,,,0,30,,4460,22,,,0,70,,4469,22,,,0,45,,4461,22,,,0,70,,4462,22,,,0,30,,4463,22,,,0,70,,4464,22,,,0,30,,4465,22,,,0,70,,4466,22,,,0
200,'100012',546,,4473,22,,,0,70,,4482,22,,,0,30,,4474,22,,,0,70,,4483,22,,,0,30,,4475,22,,,0,70,,4484,22,,,0,40,,4476,22,,,0,70,,4485,22,,,0,30,,4477,22,,,0,70,,4486,22,,,0,30,,4478,22,,,0,70,,4487,22,,,0,30,,4479,22,,,0,70,,4488,22,,,0,83,,4480,22,,,0,35,,4489,22,,,0,75,,4481,22,,,0,35,,4490,22,,,0,75,,4498,22,,,0,75,,4491,22,,,0,35,,4499,22,,,0,80,,4492,22,,,0,40,,4493,22,,,0,70,,4500,22,,,0,30,,4494,22,,,0,70,,4501,22,,,0,30,,4495,22,,,0,85,,4502,22,,,0,70,,4496,22,,,0,30,,4503,22,,,0,70,,4497,22,,,0,30,,4504,22,,,0,70,,4505,22,,,0
600,'100010',755,,4839,36,,,0,100,,4840,36,,,0,100,,4841,36,,,0,100,,4842,36,,,0,100,,4843,36,,,0,155,,4844,36,,,0,100,,4845,36,,,0,100,,4846,36,,,0,100,,4847,36,,,0,115,,4848,36,,,0,100,,4849,36,,,0,100,,4850,36,,,0
600,'100011',755,,4851,36,,,0,100,,4852,36,,,0,100,,4853,36,,,0,100,,4854,36,,,0,100,,4855,36,,,0,155,,4856,36,,,0,100,,4857,36,,,0,100,,4858,36,,,0,100,,4859,36,,,0,115,,4860,36,,,0,100,,4861,36,,,0,100,,4862,36,,,0
600,'100012',547,,4873,36,,,0,70,,4863,36,,,0,18,,4891,36,,,0,12,,4874,36,,,0,70,,4864,36,,,0,18,,4892,36,,,0,12,,4875,36,,,0,70,,4865,36,,,0,39,,4866,36,,,0,70,,4883,36,,,0,30,,4867,36,,,0,70,,4884,36,,,0,30,,4868,36,,,0,70,,4893,36,,,0,30,,4869,36,,,0,70,,4894,36,,,0,83,,4870,36,,,0,35,,4895,36,,,0,75,,4871,36,,,0,35,,4876,36,,,0,75,,4872,36,,,0,75,,4885,36,,,0,35,,4877,36,,,0,80,,4886,36,,,0,81,,4878,36,,,0,30,,4887,36,,,0,70,,4879,36,,,0,30,,4888,36,,,0,70,,4880,36,,,0,45,,4889,36,,,0,70,,4881,36,,,0,30,,4890,36,,,0,70,,4882,36,,,0,30,,4897,36,,,0,70,,4896,36,,,0
700,'100010',825,,4898,41,,,0,100,,4899,41,,,0,100,,4900,41,,,0,100,,4901,41,,,0,100,,4902,41,,,0,115,,4903,41,,,0,100,,4904,41,,,0,100,,4905,41,,,0,115,,4906,41,,,0,100,,4907,41,,,0,100,,4908,41,,,0
700,'100011',825,,4909,41,,,0,100,,4910,41,,,0,100,,4911,41,,,0,100,,4912,41,,,0,100,,4913,41,,,0,115,,4914,41,,,0,100,,4915,41,,,0,100,,4916,41,,,0,115,,4917,41,,,0,100,,4918,41,,,0,100,,4919,41,,,0
700,'100012',547,,4920,41,,,0,70,,4930,41,,,0,30,,4921,41,,,0,58,,4948,41,,,0,12,,4931,41,,,0,30,,4922,41,,,0,70,,4932,41,,,0,40,,4941,41,,,0,70,,4923,41,,,0,30,,4942,41,,,0,70,,4924,41,,,0,30,,4949,41,,,0,70,,4925,41,,,0,30,,4950,41,,,0,70,,4926,41,,,0,83,,4951,41,,,0,35,,4927,41,,,0,75,,4933,41,,,0,35,,4928,41,,,0,75,,4934,41,,,0,75,,4929,41,,,0,35,,4935,41,,,0,80,,4936,41,,,0,80,,4943,41,,,0,30,,4937,41,,,0,70,,4944,41,,,0,30,,4938,41,,,0,70,,4945,41,,,0,46,,4939,41,,,0,70,,4946,41,,,0,30,,4940,41,,,0,70,,4947,41,,,0,30,,4952,41,,,0,70,,4953,41,,,0
1000900,'100010',800,,5010,34,,,0,40,,5011,34,,,0,80,,5012,34,,,0,80,,5013,34,,,0,40,,5014,34,,,0,81,,5015,34,,,0,80,,5016,34,,,0,45,,5017,34,,,0,80,,5018,34,,,0,81,,5019,34,,,0,40,,5020,34,,,0,80,,5021,34,,,0,80,,5022,34,,,0,40,,5023,34,,,0,85,,5024,34,,,0,80,,5025,34,,,0,40,,5026,34,,,0,80,,5027,34,,,0
1000900,'100011',800,,5028,34,,,0,40,,5029,34,,,0,80,,5030,34,,,0,80,,5031,34,,,0,40,,5032,34,,,0,81,,5033,34,,,0,80,,5034,34,,,0,45,,5035,34,,,0,80,,5036,34,,,0,81,,5037,34,,,0,40,,5038,34,,,0,80,,5039,34,,,0,80,,5040,34,,,0,40,,5041,34,,,0,85,,5042,34,,,0,80,,5043,34,,,0,40,,5044,34,,,0,80,,5045,34,,,0
1000900,'100012',547,,5056,34,,,0,70,,5057,34,,,0,30,,5058,34,,,0,70,,5059,34,,,0,30,,5060,34,,,0,70,,5061,34,,,0,22,,5062,34,,,0,68,,5063,34,,,0,35,,5064,34,,,0,60,,5065,34,,,0,30,,5066,34,,,0,70,,5067,34,,,0,30,,5068,34,,,0,70,,5069,34,,,0,30,,5070,34,,,0,70,,5071,34,,,0,30,,5072,34,,,0,70,,5073,34,,,0,34,,5074,34,,,0,70,,5075,34,,,0,34,,5076,34,,,0,64,,5077,34,,,0,32,,5078,34,,,0,70,,5079,34,,,0,18,,5080,34,,,0,85,,5049,34,,,0,30,,5050,34,,,0,70,,5053,34,,,0,30,,5046,34,,,0,67,,5048,34,,,0,43,,5054,34,,,0,85,,5052,34,,,0,75,,5051,34,,,0,35,,5055,34,,,0,75,,5047,34,,,0
2000900,'100010',822,,5081,32,,,0,80,,5082,32,,,0,40,,5083,32,,,0,80,,5084,32,,,0,80,,5085,32,,,0,40,,5086,32,,,0,80,,5087,32,,,0,80,,5088,32,,,0,45,,5089,32,,,0,80,,5090,32,,,0,81,,5091,32,,,0,40,,5092,32,,,0,85,,5093,32,,,0,80,,5094,32,,,0,40,,5095,32,,,0,80,,5096,32,,,0,80,,5097,32,,,0
2000900,'100011',822,,5098,32,,,0,80,,5099,32,,,0,40,,5100,32,,,0,80,,5101,32,,,0,80,,5102,32,,,0,40,,5103,32,,,0,80,,5104,32,,,0,80,,5105,32,,,0,45,,5106,32,,,0,80,,5107,32,,,0,81,,5108,32,,,0,40,,5109,32,,,0,85,,5110,32,,,0,80,,5111,32,,,0,40,,5112,32,,,0,80,,5113,32,,,0,80,,5114,32,,,0
2000900,'100012',612,,5115,32,,,0,20,,5116,32,,,0,70,,5117,32,,,0,30,,5118,32,,,0,70,,5119,32,,,0,20,,5120,32,,,0,80,,5121,32,,,0,22,,5146,32,,,0,28,,5122,32,,,0,70,,5123,32,,,0,20,,5124,32,,,0,70,,5125,32,,,0,30,,5126,32,,,0,70,,5127,32,,,0,30,,5128,32,,,0,70,,5129,32,,,0,30,,5130,32,,,0,70,,5131,32,,,0,33,,5132,32,,,0,71,,5133,32,,,0,30,,5134,32,,,0,74,,5135,32,,,0,24,,5136,32,,,0,72,,5137,32,,,0,38,,5138,32,,,0,70,,5139,32,,,0,30,,5140,32,,,0,70,,5141,32,,,0,30,,5142,32,,,0,65,,5143,32,,,0,31,,5144,32,,,0,74,,5145,32,,,0,85,,5147,32,,,0,35,,5148,32,,,0,76,,5149,32,,,0
