700,'100000',815,,6165,26,,,0,100,,6166,26,,,0,100,,6167,26,,,0,100,,6168,26,,,0,100,,6169,26,,,0,115,,6170,26,,,0,100,,6171,26,,,0,100,,6172,26,,,0,115,,6173,26,,,0,100,,6174,26,,,0,100,,6175,26,,,0
700,'100009',815,,6120,26,,,0,100,,6121,26,,,0,100,,6122,26,,,0,100,,6123,26,,,0,100,,6124,26,,,0,115,,6125,26,,,0,100,,6126,26,,,0,100,,6127,26,,,0,115,,6128,26,,,0,100,,6129,26,,,0,100,,6130,26,,,0
700,'100010',538,,6131,26,,,0,70,,6141,26,,,0,30,,6132,26,,,0,18,,6159,26,,,0,52,,6142,26,,,0,30,,6133,26,,,0,70,,6143,26,,,0,40,,6152,26,,,0,70,,6134,26,,,0,30,,6153,26,,,0,70,,6135,26,,,0,30,,6160,26,,,0,70,,6136,26,,,0,30,,6161,26,,,0,70,,6137,26,,,0,82,,6162,26,,,0,35,,6138,26,,,0,75,,6144,26,,,0,35,,6139,26,,,0,75,,6145,26,,,0,35,,6140,26,,,0,75,,6146,26,,,0,80,,6147,26,,,0,41,,6154,26,,,0,70,,6148,26,,,0,30,,6155,26,,,0,70,,6149,26,,,0,30,,6156,26,,,0,86,,6150,26,,,0,70,,6157,26,,,0,30,,6151,26,,,0,70,,6158,26,,,0,30,,6163,26,,,0,70,,6164,26,,,0
700,'100011',538,,7083,26,,,0,70,,7093,26,,,0,30,,7084,26,,,0,18,,7111,26,,,0,52,,7094,26,,,0,30,,7085,26,,,0,70,,7095,26,,,0,40,,7104,26,,,0,70,,7086,26,,,0,30,,7105,26,,,0,70,,7087,26,,,0,30,,7112,26,,,0,70,,7088,26,,,0,30,,7113,26,,,0,70,,7089,26,,,0,82,,7114,26,,,0,35,,7090,26,,,0,75,,7096,26,,,0,35,,7091,26,,,0,75,,7097,26,,,0,35,,7092,26,,,0,75,,7098,26,,,0,80,,7099,26,,,0,41,,7106,26,,,0,70,,7100,26,,,0,30,,7107,26,,,0,70,,7101,26,,,0,30,,7108,26,,,0,86,,7102,26,,,0,70,,7109,26,,,0,30,,7103,26,,,0,70,,7110,26,,,0,30,,7115,26,,,0,70,,7116,26,,,0
5000,'100010',741,,6528,28,,,0
5001,'100010',1529,,6529,41,4,,0
5100,'100010',746,,6530,28,,,0
5101,'100010',1507,,6531,39,4,,0
5300,'100010',744,,7253,4,,,0
5301,'100010',1535,,6537,28,,,0
