100,'100000',851,,5242,25,,,0,100,,5243,25,,,0,100,,5244,25,,,0,100,,5245,25,,,0,100,,5246,25,,,0,100,,5247,25,,,0,100,,5248,25,,,0,100,,5249,25,,,0,100,,5250,25,,,0,100,,5251,25,,,0,100,,5252,25,,,0,100,,5253,25,,,0
100,'100009',821,,5197,25,,,0,30,,5184,25,,,0,70,,5207,25,,,0,30,,5185,25,,,0,70,,5198,25,,,0,30,,5186,25,,,0,70,,5199,25,,,0,30,,5188,25,,,0,70,,5200,25,,,0,30,,5187,25,,,0,70,,5201,25,,,0,30,,5189,25,,,0,70,,5202,25,,,0,30,,5190,25,,,0,70,,5203,25,,,0,30,,5191,25,,,0,70,,5204,25,,,0,30,,5192,25,,,0,70,,5205,25,,,0,30,,5193,25,,,0,70,,5206,25,,,0,30,,5194,25,,,0,70,,5196,25,,,0,30,,5195,25,,,0
100,'100010',613,,5208,25,,,0,30,,5213,25,,,0,70,,5209,25,,,0,30,,5226,25,,,0,70,,5210,25,,,0,30,,5214,25,,,0,80,,5211,25,,,0,28,,5227,25,,,0,70,,5212,25,,,0,30,,5215,25,,,0,70,,5224,25,,,0,30,,5228,25,,,0,70,,5225,25,,,0,31,,5216,25,,,0,70,,5223,25,,,0,30,,5229,25,,,0,70,,5217,25,,,0,80,,5238,25,,,0,19,,5231,25,,,0,79,,5237,25,,,0,30,,5230,25,,,0,70,,5236,25,,,0,30,,5218,25,,,0,28,,5235,25,,,0,70,,5219,25,,,0,30,,5234,25,,,0,70,,5220,25,,,0,30,,5233,25,,,0,80,,5221,25,,,0,70,,5232,25,,,0,30,,5222,25,,,0,70,,5240,25,,,0,28,,5239,25,,,0,69,,5241,25,,,0
100,'100012',613,,6756,25,,,0,30,,6761,25,,,0,70,,6757,25,,,0,30,,6774,25,,,0,70,,6758,25,,,0,30,,6762,25,,,0,80,,6759,25,,,0,28,,6775,25,,,0,70,,6760,25,,,0,30,,6763,25,,,0,70,,6772,25,,,0,30,,6776,25,,,0,70,,6773,25,,,0,31,,6764,25,,,0,70,,6771,25,,,0,30,,6777,25,,,0,70,,6765,25,,,0,80,,6786,25,,,0,19,,6779,25,,,0,79,,6785,25,,,0,30,,6778,25,,,0,70,,6784,25,,,0,30,,6766,25,,,0,28,,6783,25,,,0,70,,6767,25,,,0,30,,6782,25,,,0,70,,6768,25,,,0,30,,6781,25,,,0,80,,6769,25,,,0,70,,6780,25,,,0,30,,6770,25,,,0,70,,6788,25,,,0,28,,6787,25,,,0,69,,6789,25,,,0
200,'100000',728,,5476,24,,,0,30,,5454,24,,,0,70,,5455,24,,,0,30,,5456,24,,,0,70,,5457,24,,,0,30,,5458,24,,,0,70,,5459,24,,,0,30,,5460,24,,,0,70,,5461,24,,,0,30,,5462,24,,,0,70,,5463,24,,,0,85,,5464,24,,,0,30,,5465,24,,,0,70,,5466,24,,,0,30,,5467,24,,,0,70,,5468,24,,,0,30,,5469,24,,,0,70,,5479,24,,,0,45,,5471,24,,,0,70,,5472,24,,,0,30,,5473,24,,,0,70,,5474,24,,,0,30,,5475,24,,,0,70,,5470,24,,,0
200,'100009',728,,5415,24,,,0,30,,5414,24,,,0,70,,5395,24,,,0,30,,5394,24,,,0,70,,5396,24,,,0,30,,5397,24,,,0,70,,5398,24,,,0,30,,5399,24,,,0,70,,5400,24,,,0,30,,5401,24,,,0,70,,5418,24,,,0,85,,5402,24,,,0,30,,5403,24,,,0,70,,5404,24,,,0,30,,5405,24,,,0,70,,5406,24,,,0,30,,5407,24,,,0,70,,5416,24,,,0,45,,5408,24,,,0,70,,5409,24,,,0,30,,5410,24,,,0,70,,5411,24,,,0,30,,5412,24,,,0,70,,5413,24,,,0
200,'100010',550,,5420,24,,,0,70,,5429,24,,,0,30,,5421,24,,,0,70,,5430,24,,,0,30,,5422,24,,,0,150,,5423,24,,,0,100,,5424,24,,,0,100,,5425,24,,,0,100,,5426,24,,,0,113,,5427,24,,,0,110,,5428,24,,,0,110,,5445,24,,,0,75,,5438,24,,,0,35,,5446,24,,,0,80,,5439,24,,,0,80,,5440,24,,,0,30,,5447,24,,,0,70,,5441,24,,,0,30,,5448,24,,,0,70,,5442,24,,,0,45,,5449,24,,,0,70,,5443,24,,,0,30,,5450,24,,,0,70,,5444,24,,,0,30,,5451,24,,,0,70,,5452,24,,,0
200,'100011',820,,6825,24,,,0,110,,6826,24,,,0,100,,6827,24,,,0,100,,6828,24,,,0,100,,6829,24,,,0,118,,6830,24,,,0,110,,6831,24,,,0
200,'100012',550,,6833,24,,,0,70,,6842,24,,,0,30,,6834,24,,,0,70,,6843,24,,,0,30,,6835,24,,,0,70,,6844,24,,,0,80,,6836,24,,,0,30,,6845,24,,,0,70,,6837,24,,,0,30,,6846,24,,,0,70,,6838,24,,,0,30,,6847,24,,,0,70,,6839,24,,,0,30,,6848,24,,,0,83,,6840,24,,,0,35,,6849,24,,,0,75,,6841,24,,,0,35,,6850,24,,,0,75,,6858,24,,,0,75,,6851,24,,,0,35,,6859,24,,,0,80,,6852,24,,,0,80,,6853,24,,,0,30,,6860,24,,,0,70,,6854,24,,,0,30,,6861,24,,,0,70,,6855,24,,,0,45,,6862,24,,,0,70,,6856,24,,,0,30,,6863,24,,,0,70,,6857,24,,,0,30,,6864,24,,,0,70,,6865,24,,,0
200,'100036',820,,5431,24,,,0,110,,5432,24,,,0,100,,5433,24,,,0,100,,5434,24,,,0,100,,5435,24,,,0,118,,5436,24,,,0,110,,5437,24,,,0
201,'100000',758,,5575,17,,,0,70,,5576,17,,,0,30,,5577,17,,,0,70,,5578,17,,,0,30,,5579,17,,,0,70,,5580,17,,,0,30,,5581,17,,,0,70,,5582,17,,,0,30,,5583,17,,,0,70,,5584,17,,,0,85,,5585,17,,,0,30,,5586,17,,,0,70,,5587,17,,,0,30,,5588,17,,,0,70,,5589,17,,,0,30,,5590,17,,,0,70,,5599,17,,,0,45,,5592,17,,,0,70,,5593,17,,,0,30,,5594,17,,,0,70,,5595,17,,,0,30,,5596,17,,,0,70,,5591,17,,,0
201,'100009',758,,5520,17,,,0,70,,5524,17,,,0,30,,5521,17,,,0,70,,5533,17,,,0,30,,5523,17,,,0,70,,5522,17,,,0,30,,5525,17,,,0,70,,5526,17,,,0,30,,5515,17,,,0,70,,5538,17,,,0,85,,5528,17,,,0,30,,5529,17,,,0,70,,5530,17,,,0,30,,5531,17,,,0,70,,5532,17,,,0,30,,5535,17,,,0,70,,5536,17,,,0,45,,5534,17,,,0,70,,5516,17,,,0,30,,5519,17,,,0,70,,5518,17,,,0,30,,5517,17,,,0,70,,5527,17,,,0
201,'100010',550,,5573,17,,,0,70,,5540,17,,,0,30,,5548,17,,,0,70,,5541,17,,,0,30,,5549,17,,,0,70,,5542,17,,,0,110,,5543,17,,,0,100,,5544,17,,,0,100,,5545,17,,,0,100,,5546,17,,,0,114,,5547,17,,,0,110,,5561,17,,,0,150,,5562,17,,,0,35,,5556,17,,,0,79,,5572,17,,,0,84,,5563,17,,,0,30,,5557,17,,,0,70,,5564,17,,,0,30,,5558,17,,,0,70,,5565,17,,,0,45,,5559,17,,,0,70,,5566,17,,,0,30,,5560,17,,,0,70,,5567,17,,,0,30,,5568,17,,,0,72,,5569,17,,,0
201,'100011',900,,6867,17,,,0,100,,6868,17,,,0,100,,6869,17,,,0,100,,6870,17,,,0,109,,6873,17,,,0,110,,6871,17,,,0,110,,6872,17,,,0
201,'100012',550,,6907,17,,,0,70,,6874,17,,,0,30,,6882,17,,,0,70,,6875,17,,,0,30,,6883,17,,,0,70,,6876,17,,,0,80,,6884,17,,,0,30,,6877,17,,,0,70,,6885,17,,,0,30,,6878,17,,,0,70,,6886,17,,,0,30,,6879,17,,,0,70,,6887,17,,,0,30,,6880,17,,,0,79,,6905,17,,,0,35,,6881,17,,,0,75,,6888,17,,,0,35,,6895,17,,,0,75,,6889,17,,,0,75,,6896,17,,,0,35,,6890,17,,,0,79,,6906,17,,,0,84,,6897,17,,,0,30,,6891,17,,,0,70,,6898,17,,,0,30,,6892,17,,,0,70,,6899,17,,,0,45,,6893,17,,,0,70,,6900,17,,,0,30,,6894,17,,,0,70,,6901,17,,,0,30,,6902,17,,,0,72,,6903,17,,,0
201,'100036',900,,5550,17,,,0,100,,5551,17,,,0,100,,5552,17,,,0,100,,5553,17,,,0,109,,5571,17,,,0,110,,5554,17,,,0,110,,5555,17,,,0
400,'100000',824,,5895,40,,,0,100,,5896,40,,,0,100,,5897,40,,,0,100,,5898,40,,,0,100,,5899,40,,,0,115,,5900,40,,,0,100,,5901,40,,,0,100,,5902,40,,,0,115,,5903,40,,,0,100,,5904,40,,,0,100,,5905,40,,,0
400,'100009',824,,5838,40,,,0,100,,5839,40,,,0,100,,5840,40,,,0,100,,5841,40,,,0,100,,5842,40,,,0,115,,5843,40,,,0,100,,5844,40,,,0,100,,5845,40,,,0,115,,5846,40,,,0,100,,5847,40,,,0,100,,5848,40,,,0
500,'100000',827,,5981,49,,,0,100,,5982,49,,,0,100,,5983,49,,,0,100,,5984,49,,,0,100,,5985,49,,,0,115,,5986,49,,,0,100,,5987,49,,,0,100,,5988,49,,,0,115,,5989,49,,,0,100,,5990,49,,,0,100,,5991,49,,,0
500,'100009',827,,5938,49,,,0,100,,5944,49,,,0,100,,5939,49,,,0,100,,5945,49,,,0,100,,5940,49,,,0,115,,5946,49,,,0,100,,5941,49,,,0,100,,5947,49,,,0,115,,5942,49,,,0,100,,5948,49,,,0,100,,5943,49,,,0
500,'100010',620,,5949,49,,,0,30,,5965,49,,,0,70,,5950,49,,,0,30,,5966,49,,,0,70,,5951,49,,,0,80,,5952,49,,,0,30,,5974,49,,,0,70,,5953,49,,,0,30,,5977,49,,,0,70,,5954,49,,,0,30,,5976,49,,,0,70,,5955,49,,,0,30,,5978,49,,,0,83,,5956,49,,,0,35,,5975,49,,,0,75,,5957,49,,,0,35,,5967,49,,,0,75,,5958,49,,,0,75,,5968,49,,,0,35,,5959,49,,,0,80,,5960,49,,,0,80,,5969,49,,,0,30,,5961,49,,,0,70,,5970,49,,,0,30,,5962,49,,,0,70,,5971,49,,,0,45,,5963,49,,,0,70,,5972,49,,,0,30,,5964,49,,,0,70,,5973,49,,,0,30,,5979,49,,,0,70,,5980,49,,,0
500,'100012',620,,7016,49,,,0,30,,7032,49,,,0,70,,7017,49,,,0,30,,7033,49,,,0,70,,7018,49,,,0,80,,7019,49,,,0,30,,7041,49,,,0,70,,7020,49,,,0,30,,7044,49,,,0,70,,7021,49,,,0,30,,7043,49,,,0,70,,7022,49,,,0,30,,7045,49,,,0,83,,7023,49,,,0,35,,7042,49,,,0,75,,7024,49,,,0,35,,7034,49,,,0,75,,7025,49,,,0,75,,7035,49,,,0,35,,7026,49,,,0,80,,7027,49,,,0,80,,7036,49,,,0,30,,7028,49,,,0,70,,7037,49,,,0,30,,7029,49,,,0,70,,7038,49,,,0,45,,7030,49,,,0,70,,7039,49,,,0,30,,7031,49,,,0,70,,7040,49,,,0,30,,7046,49,,,0,70,,7047,49,,,0
600,'100000',758,,6081,38,,,0,100,,6082,38,,,0,100,,6083,38,,,0,100,,6084,38,,,0,100,,6085,38,,,0,155,,6077,38,,,0,100,,6076,38,,,0,100,,6075,38,,,0,100,,6074,38,,,0,115,,6079,38,,,0,100,,6078,38,,,0,100,,6080,38,,,0
600,'100009',758,,6035,38,,,0,100,,6036,38,,,0,100,,6038,38,,,0,100,,6027,38,,,0,100,,6037,38,,,0,155,,6031,38,,,0,100,,6028,38,,,0,100,,6032,38,,,0,100,,6029,38,,,0,115,,6033,38,,,0,100,,6030,38,,,0,100,,6034,38,,,0
600,'100010',550,,6049,38,,,0,70,,6039,38,,,0,18,,6067,38,,,0,12,,6050,38,,,0,70,,6040,38,,,0,17,,6068,38,,,0,13,,6051,38,,,0,70,,6041,38,,,0,39,,6042,38,,,0,70,,6059,38,,,0,30,,6043,38,,,0,70,,6060,38,,,0,30,,6044,38,,,0,70,,6069,38,,,0,30,,6045,38,,,0,70,,6070,38,,,0,83,,6046,38,,,0,35,,6071,38,,,0,75,,6047,38,,,0,35,,6052,38,,,0,75,,6048,38,,,0,75,,6061,38,,,0,35,,6053,38,,,0,80,,6062,38,,,0,80,,6054,38,,,0,30,,6063,38,,,0,70,,6055,38,,,0,30,,6064,38,,,0,70,,6056,38,,,0,46,,6065,38,,,0,70,,6057,38,,,0,30,,6066,38,,,0,70,,6058,38,,,0,30,,6073,38,,,0,70,,6072,38,,,0
600,'100012',550,,7058,38,,,0,70,,7048,38,,,0,18,,7076,38,,,0,12,,7059,38,,,0,70,,7049,38,,,0,17,,7077,38,,,0,13,,7060,38,,,0,70,,7050,38,,,0,39,,7051,38,,,0,70,,7068,38,,,0,30,,7052,38,,,0,70,,7069,38,,,0,30,,7053,38,,,0,70,,7078,38,,,0,30,,7054,38,,,0,70,,7079,38,,,0,83,,7055,38,,,0,35,,7080,38,,,0,75,,7056,38,,,0,35,,7061,38,,,0,75,,7057,38,,,0,75,,7070,38,,,0,35,,7062,38,,,0,80,,7071,38,,,0,80,,7063,38,,,0,30,,7072,38,,,0,70,,7064,38,,,0,30,,7073,38,,,0,70,,7065,38,,,0,46,,7074,38,,,0,70,,7066,38,,,0,30,,7075,38,,,0,70,,7067,38,,,0,30,,7082,38,,,0,70,,7081,38,,,0
700,'100000',828,,6165,43,,,0,100,,6166,43,,,0,100,,6167,43,,,0,100,,6168,43,,,0,100,,6169,43,,,0,115,,6170,43,,,0,100,,6171,43,,,0,100,,6172,43,,,0,115,,6173,43,,,0,100,,6174,43,,,0,100,,6175,43,,,0
700,'100009',828,,6120,43,,,0,100,,6121,43,,,0,100,,6122,43,,,0,100,,6123,43,,,0,100,,6124,43,,,0,115,,6125,43,,,0,100,,6126,43,,,0,100,,6127,43,,,0,115,,6128,43,,,0,100,,6129,43,,,0,100,,6130,43,,,0
700,'100010',550,,6131,43,,,0,70,,6141,43,,,0,30,,6132,43,,,0,58,,6159,43,,,0,12,,6142,43,,,0,30,,6133,43,,,0,70,,6143,43,,,0,80,,6152,43,,,0,30,,6134,43,,,0,70,,6153,43,,,0,30,,6135,43,,,0,70,,6160,43,,,0,30,,6136,43,,,0,70,,6161,43,,,0,30,,6137,43,,,0,83,,6162,43,,,0,35,,6138,43,,,0,75,,6144,43,,,0,35,,6139,43,,,0,75,,6145,43,,,0,75,,6140,43,,,0,35,,6146,43,,,0,80,,6147,43,,,0,80,,6154,43,,,0,30,,6148,43,,,0,70,,6155,43,,,0,30,,6149,43,,,0,70,,6156,43,,,0,45,,6150,43,,,0,70,,6157,43,,,0,30,,6151,43,,,0,70,,6158,43,,,0,30,,6163,43,,,0,70,,6164,43,,,0
700,'100012',550,,7083,43,,,0,70,,7093,43,,,0,30,,7084,43,,,0,58,,7111,43,,,0,12,,7094,43,,,0,30,,7085,43,,,0,70,,7095,43,,,0,80,,7104,43,,,0,30,,7086,43,,,0,70,,7105,43,,,0,30,,7087,43,,,0,70,,7112,43,,,0,30,,7088,43,,,0,70,,7113,43,,,0,30,,7089,43,,,0,83,,7114,43,,,0,35,,7090,43,,,0,75,,7096,43,,,0,35,,7091,43,,,0,75,,7097,43,,,0,75,,7092,43,,,0,35,,7098,43,,,0,80,,7099,43,,,0,80,,7106,43,,,0,30,,7100,43,,,0,70,,7107,43,,,0,30,,7101,43,,,0,70,,7108,43,,,0,45,,7102,43,,,0,70,,7109,43,,,0,30,,7103,43,,,0,70,,7110,43,,,0,30,,7115,43,,,0,70,,7116,43,,,0
800,'100000',757,,6252,42,,,0,100,,6253,42,,,0,100,,6254,42,,,0,100,,6255,42,,,0,100,,6256,42,,,0,155,,6257,42,,,0,100,,6258,42,,,0,100,,6259,42,,,0,100,,6260,42,,,0,115,,6261,42,,,0,100,,6262,42,,,0,100,,6263,42,,,0
800,'100009',757,,6208,42,,,0,100,,6214,42,,,0,100,,6209,42,,,0,100,,6215,42,,,0,100,,6210,42,,,0,155,,6216,42,,,0,100,,6211,42,,,0,100,,6217,42,,,0,100,,6212,42,,,0,115,,6218,42,,,0,100,,6213,42,,,0,100,,6219,42,,,0
800,'100010',620,,6235,42,,,0,30,,6220,42,,,0,70,,6236,42,,,0,30,,6221,42,,,0,70,,6237,42,,,0,638,,6227,42,,,0,75,,6228,42,,,0,75,,6240,42,,,0,35,,6229,42,,,0,80,,6241,42,,,0,80,,6230,42,,,0,30,,6242,42,,,0,70,,6231,42,,,0,30,,6243,42,,,0,70,,6232,42,,,0,45,,6244,42,,,0,70,,6233,42,,,0,30,,6245,42,,,0,70,,6234,42,,,0,28,,6251,42,,,0,68,,6250,42,,,0
800,'100011',900,,7122,42,,,0,29,,7117,42,,,0,30,,7124,42,,,0,70,,7118,42,,,0,30,,7125,42,,,0,70,,7119,42,,,0,30,,7126,42,,,0,70,,7120,42,,,0,84,,7127,42,,,0,35,,7121,42,,,0,75,,7123,42,,,0
800,'100012',620,,7143,42,,,0,30,,7128,42,,,0,70,,7144,42,,,0,30,,7129,42,,,0,70,,7145,42,,,0,80,,7146,42,,,0,29,,7130,42,,,0,30,,7154,42,,,0,70,,7131,42,,,0,30,,7155,42,,,0,70,,7132,42,,,0,30,,7156,42,,,0,70,,7133,42,,,0,84,,7157,42,,,0,35,,7134,42,,,0,75,,7147,42,,,0,35,,7135,42,,,0,75,,7136,42,,,0,75,,7148,42,,,0,35,,7137,42,,,0,80,,7149,42,,,0,80,,7138,42,,,0,30,,7150,42,,,0,70,,7139,42,,,0,30,,7151,42,,,0,70,,7140,42,,,0,45,,7152,42,,,0,70,,7141,42,,,0,30,,7153,42,,,0,70,,7142,42,,,0,28,,7159,42,,,0,68,,7158,42,,,0
800,'100036',900,,6238,42,,,0,29,,6222,42,,,0,30,,6246,42,,,0,70,,6223,42,,,0,30,,6247,42,,,0,70,,6224,42,,,0,30,,6248,42,,,0,70,,6225,42,,,0,84,,6249,42,,,0,35,,6226,42,,,0,75,,6239,42,,,0
2100,'100000',835,,6344,20,,,0,75,,6345,20,,,0,35,,6346,20,,,0,75,,6347,20,,,0,35,,6348,20,,,0,75,,6349,20,,,0,75,,6350,20,,,0,35,,6351,20,,,0,75,,6352,20,,,0,35,,6353,20,,,0,75,,6354,20,,,0,75,,6355,20,,,0,35,,6356,20,,,0,75,,6357,20,,,0,35,,6358,20,,,0,75,,6359,20,,,0,35,,6360,20,,,0,80,,6361,20,,,0,75,,6362,20,,,0,35,,6363,20,,,0
2100,'100009',835,,6302,20,,,0,75,,6295,20,,,0,35,,6303,20,,,0,75,,6296,20,,,0,35,,6312,20,,,0,75,,6311,20,,,0,75,,6304,20,,,0,35,,6297,20,,,0,75,,6305,20,,,0,35,,6298,20,,,0,75,,6306,20,,,0,75,,6299,20,,,0,35,,6313,20,,,0,75,,6310,20,,,0,35,,6307,20,,,0,75,,6300,20,,,0,35,,6308,20,,,0,80,,6301,20,,,0,75,,6309,20,,,0,35,,6294,20,,,0
2100,'100010',656,,6328,20,,,0,75,,6314,20,,,0,75,,6329,20,,,0,35,,6315,20,,,0,75,,6330,20,,,0,34,,6316,20,,,0,75,,6331,20,,,0,75,,6317,20,,,0,35,,6332,20,,,0,75,,6318,20,,,0,38,,6333,20,,,0,75,,6319,20,,,0,35,,6334,20,,,0,75,,6320,20,,,0,75,,6335,20,,,0,35,,6321,20,,,0,76,,6336,20,,,0,34,,6322,20,,,0,75,,6337,20,,,0,79,,6323,20,,,0,37,,6338,20,,,0,73,,6324,20,,,0,39,,6339,20,,,0,71,,6325,20,,,0,79,,6340,20,,,0,40,,6326,20,,,0,70,,6327,20,,,0,30,,6341,20,,,0,70,,6342,20,,,0,30,,6343,20,,,0
2100,'100012',656,,7174,20,,,0,75,,7160,20,,,0,75,,7175,20,,,0,35,,7161,20,,,0,75,,7176,20,,,0,34,,7162,20,,,0,75,,7177,20,,,0,75,,7163,20,,,0,35,,7178,20,,,0,75,,7164,20,,,0,38,,7179,20,,,0,75,,7165,20,,,0,35,,7180,20,,,0,75,,7166,20,,,0,75,,7181,20,,,0,35,,7167,20,,,0,76,,7182,20,,,0,34,,7168,20,,,0,75,,7183,20,,,0,79,,7169,20,,,0,37,,7184,20,,,0,73,,7170,20,,,0,39,,7185,20,,,0,71,,7171,20,,,0,79,,7186,20,,,0,40,,7172,20,,,0,70,,7173,20,,,0,30,,7187,20,,,0,70,,7188,20,,,0,30,,7189,20,,,0
3100,'100010',550,,6480,12,,,0,70,,6481,12,,,0,30,,6482,12,,,0,70,,6483,12,,,0,30,,6484,12,,,0,70,,6485,12,,,0,30,,6486,12,,,0,70,,6487,12,,,0,538,,6488,12,,,0,75,,6489,12,,,0,75,,6490,12,,,0,35,,6491,12,,,0,77,,6492,12,,,0,83,,6493,12,,,0,30,,6494,12,,,0,70,,6495,12,,,0
3100,'100012',550,,7220,12,,,0,70,,7221,12,,,0,30,,7222,12,,,0,70,,7223,12,,,0,30,,7224,12,,,0,70,,7225,12,,,0,30,,7226,12,,,0,70,,7227,12,,,0,538,,7228,12,,,0,75,,7229,12,,,0,75,,7230,12,,,0,35,,7231,12,,,0,77,,7232,12,,,0,83,,7233,12,,,0,30,,7234,12,,,0,70,,7235,12,,,0
1000900,'100000',803,,6634,36,,,0,40,,6635,36,,,0,80,,6636,36,,,0,80,,6637,36,,,0,40,,6638,36,,,0,81,,6639,36,,,0,80,,6640,36,,,0,45,,6641,36,,,0,80,,6642,36,,,0,81,,6643,36,,,0,40,,6644,36,,,0,80,,6645,36,,,0,80,,6646,36,,,0,40,,6647,36,,,0,85,,6648,36,,,0,80,,6649,36,,,0,40,,6650,36,,,0,80,,6651,36,,,0
1000900,'100009',803,,6581,36,,,0,40,,6582,36,,,0,80,,6583,36,,,0,80,,6584,36,,,0,40,,6585,36,,,0,81,,6586,36,,,0,80,,6587,36,,,0,45,,6588,36,,,0,80,,6589,36,,,0,81,,6590,36,,,0,40,,6591,36,,,0,80,,6592,36,,,0,80,,6593,36,,,0,40,,6594,36,,,0,85,,6595,36,,,0,80,,6596,36,,,0,40,,6597,36,,,0,80,,6598,36,,,0
1000900,'100010',550,,6609,36,,,0,100,,6611,36,,,0,70,,6612,36,,,0,100,,6614,36,,,0,22,,6615,36,,,0,103,,6617,36,,,0,60,,6618,36,,,0,100,,6620,36,,,0,30,,6621,36,,,0,100,,6623,36,,,0,70,,6624,36,,,0,100,,6626,36,,,0,34,,6627,36,,,0,104,,6629,36,,,0,64,,6630,36,,,0,102,,6632,36,,,0,18,,6633,36,,,0,115,,6603,36,,,0,70,,6606,36,,,0,97,,6601,36,,,0,43,,6607,36,,,0,85,,6605,36,,,0,75,,6604,36,,,0,35,,6608,36,,,0,75,,6600,36,,,0
1000900,'100011',620,,7261,36,,,0,130,,7262,36,,,0,160,,7263,36,,,0,125,,7264,36,,,0,170,,7265,36,,,0,130,,7266,36,,,0,186,,7267,36,,,0,118,,7268,36,,,0,173,,7260,36,,,0,130,,7259,36,,,0
1000900,'100012',550,,7279,36,,,0,70,,7280,36,,,0,30,,7281,36,,,0,70,,7282,36,,,0,30,,7283,36,,,0,70,,7284,36,,,0,22,,7285,36,,,0,68,,7286,36,,,0,35,,7287,36,,,0,60,,7288,36,,,0,30,,7289,36,,,0,70,,7290,36,,,0,30,,7291,36,,,0,70,,7292,36,,,0,30,,7293,36,,,0,70,,7294,36,,,0,30,,7295,36,,,0,70,,7296,36,,,0,34,,7297,36,,,0,70,,7298,36,,,0,34,,7299,36,,,0,64,,7300,36,,,0,32,,7301,36,,,0,70,,7302,36,,,0,18,,7303,36,,,0,85,,7272,36,,,0,30,,7273,36,,,0,70,,7276,36,,,0,30,,7269,36,,,0,67,,7271,36,,,0,43,,7277,36,,,0,85,,7275,36,,,0,75,,7274,36,,,0,35,,7278,36,,,0,75,,7270,36,,,0
1000900,'100036',620,,6610,36,,,0,130,,6613,36,,,0,160,,6616,36,,,0,125,,6619,36,,,0,170,,6622,36,,,0,130,,6625,36,,,0,174,,6628,36,,,0,130,,6631,36,,,0,173,,6602,36,,,0,130,,6599,36,,,0
2000900,'100000',824,,6739,34,,,0,80,,6740,34,,,0,40,,6741,34,,,0,80,,6742,34,,,0,80,,6743,34,,,0,40,,6744,34,,,0,81,,6745,34,,,0,80,,6746,34,,,0,45,,6747,34,,,0,80,,6748,34,,,0,81,,6749,34,,,0,40,,6750,34,,,0,85,,6751,34,,,0,80,,6752,34,,,0,40,,6753,34,,,0,80,,6754,34,,,0,80,,6755,34,,,0
2000900,'100009',824,,6687,34,,,0,80,,6688,34,,,0,40,,6689,34,,,0,80,,6690,34,,,0,80,,6691,34,,,0,40,,6692,34,,,0,81,,6693,34,,,0,80,,6694,34,,,0,45,,6695,34,,,0,80,,6696,34,,,0,81,,6697,34,,,0,40,,6698,34,,,0,85,,6699,34,,,0,80,,6700,34,,,0,40,,6701,34,,,0,80,,6702,34,,,0,80,,6703,34,,,0
2000900,'100010',615,,6704,34,,,0,20,,6705,34,,,0,100,,6707,34,,,0,70,,6708,34,,,0,100,,6710,34,,,0,22,,6735,34,,,0,98,,6712,34,,,0,20,,6713,34,,,0,100,,6715,34,,,0,70,,6716,34,,,0,100,,6718,34,,,0,30,,6719,34,,,0,103,,6721,34,,,0,71,,6722,34,,,0,104,,6724,34,,,0,24,,6725,34,,,0,110,,6727,34,,,0,70,,6728,34,,,0,100,,6730,34,,,0,30,,6731,34,,,0,96,,6733,34,,,0,74,,6734,34,,,0,85,,6736,34,,,0,35,,6737,34,,,0,76,,6738,34,,,0
2000900,'100011',705,,7304,34,,,0,120,,7305,34,,,0,130,,7306,34,,,0,160,,7307,34,,,0,130,,7308,34,,,0,170,,7309,34,,,0,185,,7310,34,,,0,119,,7311,34,,,0,138,,7312,34,,,0,165,,7313,34,,,0
2000900,'100012',615,,7314,34,,,0,20,,7315,34,,,0,70,,7316,34,,,0,30,,7317,34,,,0,70,,7318,34,,,0,20,,7319,34,,,0,80,,7320,34,,,0,22,,7345,34,,,0,28,,7321,34,,,0,70,,7322,34,,,0,20,,7323,34,,,0,70,,7324,34,,,0,30,,7325,34,,,0,70,,7326,34,,,0,30,,7327,34,,,0,70,,7328,34,,,0,30,,7329,34,,,0,70,,7330,34,,,0,33,,7331,34,,,0,71,,7332,34,,,0,81,,7333,34,,,0,23,,7334,34,,,0,24,,7335,34,,,0,72,,7336,34,,,0,38,,7337,34,,,0,70,,7338,34,,,0,30,,7339,34,,,0,70,,7340,34,,,0,30,,7341,34,,,0,65,,7342,34,,,0,31,,7343,34,,,0,74,,7344,34,,,0,85,,7346,34,,,0,35,,7347,34,,,0,76,,7348,34,,,0
2000900,'100036',705,,6706,34,,,0,120,,6709,34,,,0,130,,6711,34,,,0,160,,6714,34,,,0,130,,6717,34,,,0,170,,6720,34,,,0,134,,6723,34,,,0,170,,6726,34,,,0,138,,6729,34,,,0,165,,6732,34,,,0
