101,'100000',801,,5348,2,0,37 38 2 35 39 40,0,100,,5349,2,0,37 38 2 35 39 40,0,100,,5350,2,0,37 38 2 35 39 40,0,100,,5351,2,0,37 38 2 35 39 40,0,100,,5352,2,0,37 38 2 35 39 40,0,100,,5353,2,0,37 38 2 35 39 40,0,100,,5354,2,0,37 38 2 35 39 40,0,100,,5355,2,0,37 38 2 35 39 40,0,100,,5356,2,0,37 38 2 35 39 40,0,100,,5357,2,0,37 38 2 35 39 40,0,100,,5358,2,0,37 38 2 35 39 40,0,100,,5359,2,0,37 38 2 35 39 40,0
101,'100009',731,,5312,2,0,37 38 2 35 39 40,0,70,,5289,2,0,37 38 2 35 39 40,0,30,,5301,2,0,37 38 2 35 39 40,0,70,,5290,2,0,37 38 2 35 39 40,0,30,,5302,2,0,37 38 2 35 39 40,0,70,,5291,2,0,37 38 2 35 39 40,0,30,,5303,2,0,37 38 2 35 39 40,0,70,,5292,2,0,37 38 2 35 39 40,0,30,,5304,2,0,37 38 2 35 39 40,0,70,,5293,2,0,37 38 2 35 39 40,0,30,,5305,2,0,37 38 2 35 39 40,0,70,,5295,2,0,37 38 2 35 39 40,0,30,,5306,2,0,37 38 2 35 39 40,0,70,,5294,2,0,37 38 2 35 39 40,0,30,,5307,2,0,37 38 2 35 39 40,0,70,,5297,2,0,37 38 2 35 39 40,0,30,,5308,2,0,37 38 2 35 39 40,0,70,,5296,2,0,37 38 2 35 39 40,0,30,,5309,2,0,37 38 2 35 39 40,0,70,,5298,2,0,37 38 2 35 39 40,0,30,,5310,2,0,37 38 2 35 39 40,0,70,,5299,2,0,37 38 2 35 39 40,0,30,,5311,2,0,37 38 2 35 39 40,0,70,,5300,2,0,37 38 2 35 39 40,0
101,'100010',523,,5314,2,0,37 38 2 35 39 40,0,30,,5318,2,0,37 38 2 35 39 40,0,70,,5317,2,0,37 38 2 35 39 40,0,30,,5319,2,0,37 38 2 35 39 40,0,70,,5316,2,0,37 38 2 35 39 40,0,30,,5320,2,0,37 38 2 35 39 40,0,80,,5313,2,0,37 38 2 35 39 40,0,70,,5321,2,0,37 38 2 35 39 40,0,30,,5315,2,0,37 38 2 35 39 40,0,70,,5322,2,0,37 38 2 35 39 40,0,30,,5333,2,0,37 38 2 35 39 40,0,70,,5323,2,0,37 38 2 35 39 40,0,30,,5334,2,0,37 38 2 35 39 40,0,70,,5324,2,0,37 38 2 35 39 40,0,30,,5335,2,0,37 38 2 35 39 40,0,70,,5325,2,0,37 38 2 35 39 40,0,30,,5326,2,0,37 38 2 35 39 40,0,70,,5343,2,0,37 38 2 35 39 40,0,30,,5327,2,0,37 38 2 35 39 40,0,78,,5342,2,0,37 38 2 35 39 40,0,30,,5328,2,0,37 38 2 35 39 40,0,70,,5341,2,0,37 38 2 35 39 40,0,30,,5329,2,0,37 38 2 35 39 40,0,70,,5340,2,0,37 38 2 35 39 40,0,30,,5330,2,0,37 38 2 35 39 40,0,70,,5339,2,0,37 38 2 35 39 40,0,30,,5331,2,0,37 38 2 35 39 40,0,70,,5338,2,0,37 38 2 35 39 40,0,40,,5332,2,0,37 38 2 35 39 40,0,70,,5337,2,0,37 38 2 35 39 40,0,30,,5336,2,0,37 38 2 35 39 40,0,70,,5344,2,0,37 38 2 35 39 40,0,30,,5345,2,0,37 38 2 35 39 40,0,70,,5347,2,0,37 38 2 35 39 40,0,30,,5346,2,0,37 38 2 35 39 40,0
101,'100012',523,,6791,2,0,37 38 2 35 39 40,0,30,,6795,2,0,37 38 2 35 39 40,0,70,,6794,2,0,37 38 2 35 39 40,0,30,,6796,2,0,37 38 2 35 39 40,0,70,,6793,2,0,37 38 2 35 39 40,0,30,,6797,2,0,37 38 2 35 39 40,0,80,,6790,2,0,37 38 2 35 39 40,0,70,,6798,2,0,37 38 2 35 39 40,0,30,,6792,2,0,37 38 2 35 39 40,0,70,,6799,2,0,37 38 2 35 39 40,0,30,,6810,2,0,37 38 2 35 39 40,0,70,,6800,2,0,37 38 2 35 39 40,0,30,,6811,2,0,37 38 2 35 39 40,0,70,,6801,2,0,37 38 2 35 39 40,0,30,,6812,2,0,37 38 2 35 39 40,0,70,,6802,2,0,37 38 2 35 39 40,0,30,,6803,2,0,37 38 2 35 39 40,0,70,,6820,2,0,37 38 2 35 39 40,0,30,,6804,2,0,37 38 2 35 39 40,0,78,,6819,2,0,37 38 2 35 39 40,0,30,,6805,2,0,37 38 2 35 39 40,0,70,,6818,2,0,37 38 2 35 39 40,0,30,,6806,2,0,37 38 2 35 39 40,0,70,,6817,2,0,37 38 2 35 39 40,0,30,,6807,2,0,37 38 2 35 39 40,0,70,,6816,2,0,37 38 2 35 39 40,0,30,,6808,2,0,37 38 2 35 39 40,0,70,,6815,2,0,37 38 2 35 39 40,0,40,,6809,2,0,37 38 2 35 39 40,0,70,,6814,2,0,37 38 2 35 39 40,0,30,,6813,2,0,37 38 2 35 39 40,0,70,,6821,2,0,37 38 2 35 39 40,0,30,,6822,2,0,37 38 2 35 39 40,0,70,,6824,2,0,37 38 2 35 39 40,0,30,,6823,2,0,37 38 2 35 39 40,0
200,'100000',731,,5476,26,,,0,70,,5454,26,,,0,30,,5455,26,,,0,70,,5456,26,,,0,30,,5457,26,,,0,70,,5458,26,,,0,30,,5459,26,,,0,70,,5460,26,,,0,30,,5461,26,,,0,70,,5462,26,,,0,45,,5477,2,,,0,70,,5464,26,,,0,30,,5465,26,,,0,70,,5466,26,,,0,30,,5467,26,,,0,70,,5468,26,,,0,30,,5469,26,,,0,85,,5478,2,,,0,70,,5471,26,,,0,30,,5472,26,,,0,70,,5473,26,,,0,30,,5474,26,,,0,70,,5475,26,,,0,30,,5470,26,,,0
200,'100009',731,,5415,26,,,0,70,,5414,26,,,0,30,,5395,26,,,0,70,,5394,26,,,0,30,,5396,26,,,0,70,,5397,26,,,0,30,,5398,26,,,0,70,,5399,26,,,0,30,,5400,26,,,0,70,,5401,26,,,0,45,,5419,2,,,0,70,,5402,26,,,0,30,,5403,26,,,0,70,,5404,26,,,0,30,,5405,26,,,0,70,,5406,26,,,0,30,,5407,26,,,0,85,,5417,2,,,0,70,,5408,26,,,0,30,,5409,26,,,0,70,,5410,26,,,0,30,,5411,26,,,0,70,,5412,26,,,0,30,,5413,26,,,0
200,'100010',553,,5420,26,,,0,70,,5429,26,,,0,30,,5421,26,,,0,70,,5430,26,,,0,30,,5422,26,,,0,150,,5423,26,,,0,100,,5424,26,,,0,100,,5425,26,,,0,100,,5426,26,,,0,113,,5427,26,,,0,110,,5428,26,,,0,110,,5445,26,,,0,75,,5438,26,,,0,35,,5446,26,,,0,89,,5439,26,,,0,71,,5440,26,,,0,30,,5447,26,,,0,70,,5441,26,,,0,30,,5448,26,,,0,85,,5442,26,,,0,30,,5449,26,,,0,70,,5443,26,,,0,30,,5450,26,,,0,70,,5444,26,,,0,30,,5451,26,,,0,70,,5452,26,,,0
200,'100011',833,,6825,26,,,0,100,,6826,26,,,0,100,,6827,26,,,0,100,,6828,26,,,0,108,,6832,2,,,0,110,,6830,26,,,0,150,,6831,26,,,0
200,'100012',553,,6833,26,,,0,70,,6842,26,,,0,30,,6834,26,,,0,70,,6843,26,,,0,30,,6835,26,,,0,80,,6844,26,,,0,70,,6836,26,,,0,30,,6845,26,,,0,70,,6837,26,,,0,30,,6846,26,,,0,70,,6838,26,,,0,30,,6847,26,,,0,70,,6839,26,,,0,38,,6866,2,,,0,75,,6840,26,,,0,35,,6849,26,,,0,75,,6841,26,,,0,75,,6850,26,,,0,35,,6858,26,,,0,75,,6851,26,,,0,35,,6859,26,,,0,89,,6852,26,,,0,71,,6853,26,,,0,30,,6860,26,,,0,70,,6854,26,,,0,30,,6861,26,,,0,85,,6855,26,,,0,30,,6862,26,,,0,70,,6856,26,,,0,30,,6863,26,,,0,70,,6857,26,,,0,30,,6864,26,,,0,70,,6865,26,,,0
200,'100036',833,,5431,26,,,0,100,,5432,26,,,0,100,,5433,26,,,0,100,,5434,26,,,0,108,,5453,2,,,0,110,,5436,26,,,0,150,,5437,26,,,0
201,'100000',801,,5575,19,,,0,30,,5576,19,,,0,70,,5577,19,,,0,30,,5578,19,,,0,70,,5579,19,,,0,30,,5580,19,,,0,70,,5581,19,,,0,30,,5582,19,,,0,70,,5583,19,,,0,45,,5597,2,,,0,70,,5585,19,,,0,30,,5586,19,,,0,70,,5587,19,,,0,30,,5588,19,,,0,70,,5589,19,,,0,30,,5590,19,,,0,85,,5598,2,,,0,70,,5592,19,,,0,30,,5593,19,,,0,70,,5594,19,,,0,30,,5595,19,,,0,70,,5596,19,,,0,30,,5591,19,,,0
201,'100009',801,,5520,19,,,0,30,,5524,19,,,0,70,,5521,19,,,0,30,,5533,19,,,0,70,,5523,19,,,0,30,,5522,19,,,0,70,,5525,19,,,0,30,,5526,19,,,0,70,,5515,19,,,0,45,,5539,2,,,0,70,,5528,19,,,0,30,,5529,19,,,0,70,,5530,19,,,0,30,,5531,19,,,0,70,,5532,19,,,0,30,,5535,19,,,0,85,,5537,2,,,0,70,,5534,19,,,0,30,,5516,19,,,0,70,,5519,19,,,0,30,,5518,19,,,0,70,,5517,19,,,0,30,,5527,19,,,0
201,'100010',523,,5570,2,,,0,30,,5573,19,,,0,70,,5540,19,,,0,30,,5548,19,,,0,70,,5541,19,,,0,30,,5549,19,,,0,80,,5542,19,,,0,100,,5543,19,,,0,100,,5544,19,,,0,100,,5545,19,,,0,108,,5574,2,,,0,110,,5547,19,,,0,150,,5561,19,,,0,110,,5562,19,,,0,40,,5556,19,,,0,85,,5572,19,,,0,70,,5563,19,,,0,30,,5557,19,,,0,70,,5564,19,,,0,30,,5558,19,,,0,85,,5565,19,,,0,30,,5559,19,,,0,70,,5566,19,,,0,30,,5560,19,,,0,70,,5567,19,,,0,30,,5568,19,,,0,71,,5569,19,,,0
201,'100011',903,,6867,19,,,0,100,,6868,19,,,0,100,,6869,19,,,0,100,,6870,19,,,0,113,,6873,19,,,0,110,,6871,19,,,0,110,,6872,19,,,0
201,'100012',523,,6904,2,,,0,30,,6907,19,,,0,70,,6874,19,,,0,30,,6882,19,,,0,70,,6875,19,,,0,30,,6883,19,,,0,80,,6876,19,,,0,70,,6884,19,,,0,30,,6877,19,,,0,70,,6885,19,,,0,30,,6878,19,,,0,70,,6886,19,,,0,30,,6879,19,,,0,70,,6887,19,,,0,38,,6908,2,,,0,75,,6905,19,,,0,35,,6881,19,,,0,75,,6888,19,,,0,75,,6895,19,,,0,35,,6889,19,,,0,75,,6896,19,,,0,40,,6890,19,,,0,85,,6906,19,,,0,70,,6897,19,,,0,30,,6891,19,,,0,70,,6898,19,,,0,30,,6892,19,,,0,85,,6899,19,,,0,30,,6893,19,,,0,70,,6900,19,,,0,30,,6894,19,,,0,70,,6901,19,,,0,30,,6902,19,,,0,71,,6903,19,,,0
201,'100036',903,,5550,19,,,0,100,,5551,19,,,0,100,,5552,19,,,0,100,,5553,19,,,0,113,,5571,19,,,0,110,,5554,19,,,0,110,,5555,19,,,0
400,'100000',825,,5895,41,,,0,100,,5896,41,,,0,100,,5897,41,,,0,100,,5898,41,,,0,100,,5899,41,,,0,115,,5900,41,,,0,100,,5901,41,,,0,100,,5902,41,,,0,115,,5903,41,,,0,100,,5904,41,,,0,100,,5905,41,,,0
400,'100009',825,,5838,41,,,0,100,,5839,41,,,0,100,,5840,41,,,0,100,,5841,41,,,0,100,,5842,41,,,0,115,,5843,41,,,0,100,,5844,41,,,0,100,,5845,41,,,0,115,,5846,41,,,0,100,,5847,41,,,0,100,,5848,41,,,0
500,'100000',825,,5981,48,,,0,100,,5982,48,,,0,100,,5983,48,,,0,100,,5984,48,,,0,100,,5985,48,,,0,115,,5986,48,,,0,100,,5987,48,,,0,100,,5988,48,,,0,115,,5989,48,,,0,100,,5990,48,,,0,100,,5991,48,,,0
500,'100009',825,,5938,48,,,0,100,,5944,48,,,0,100,,5939,48,,,0,100,,5945,48,,,0,100,,5940,48,,,0,115,,5946,48,,,0,100,,5941,48,,,0,100,,5947,48,,,0,115,,5942,48,,,0,100,,5948,48,,,0,100,,5943,48,,,0
500,'100010',617,,5949,48,,,0,30,,5965,48,,,0,70,,5950,48,,,0,30,,5966,48,,,0,70,,5951,48,,,0,40,,5952,48,,,0,70,,5974,48,,,0,30,,5953,48,,,0,70,,5977,48,,,0,30,,5954,48,,,0,70,,5976,48,,,0,30,,5955,48,,,0,70,,5978,48,,,0,83,,5956,48,,,0,35,,5975,48,,,0,75,,5957,48,,,0,35,,5967,48,,,0,75,,5958,48,,,0,75,,5968,48,,,0,35,,5959,48,,,0,80,,5960,48,,,0,80,,5969,48,,,0,30,,5961,48,,,0,70,,5970,48,,,0,30,,5962,48,,,0,70,,5971,48,,,0,45,,5963,48,,,0,70,,5972,48,,,0,30,,5964,48,,,0,70,,5973,48,,,0,30,,5979,48,,,0,70,,5980,48,,,0
500,'100012',617,,7016,48,,,0,30,,7032,48,,,0,70,,7017,48,,,0,30,,7033,48,,,0,70,,7018,48,,,0,40,,7019,48,,,0,70,,7041,48,,,0,30,,7020,48,,,0,70,,7044,48,,,0,30,,7021,48,,,0,70,,7043,48,,,0,30,,7022,48,,,0,70,,7045,48,,,0,83,,7023,48,,,0,35,,7042,48,,,0,75,,7024,48,,,0,35,,7034,48,,,0,75,,7025,48,,,0,75,,7035,48,,,0,35,,7026,48,,,0,80,,7027,48,,,0,80,,7036,48,,,0,30,,7028,48,,,0,70,,7037,48,,,0,30,,7029,48,,,0,70,,7038,48,,,0,45,,7030,48,,,0,70,,7039,48,,,0,30,,7031,48,,,0,70,,7040,48,,,0,30,,7046,48,,,0,70,,7047,48,,,0
800,'100000',755,,6252,41,,,0,100,,6253,41,,,0,100,,6254,41,,,0,100,,6255,41,,,0,100,,6256,41,,,0,155,,6257,41,,,0,100,,6258,41,,,0,100,,6259,41,,,0,100,,6260,41,,,0,115,,6261,41,,,0,100,,6262,41,,,0,100,,6263,41,,,0
800,'100009',755,,6208,41,,,0,100,,6214,41,,,0,100,,6209,41,,,0,100,,6215,41,,,0,100,,6210,41,,,0,155,,6216,41,,,0,100,,6211,41,,,0,100,,6217,41,,,0,100,,6212,41,,,0,115,,6218,41,,,0,100,,6213,41,,,0,100,,6219,41,,,0
800,'100010',618,,6235,41,,,0,30,,6220,41,,,0,70,,6236,41,,,0,30,,6221,41,,,0,70,,6237,41,,,0,637,,6227,41,,,0,75,,6228,41,,,0,75,,6240,41,,,0,35,,6229,41,,,0,80,,6241,41,,,0,81,,6230,41,,,0,30,,6242,41,,,0,70,,6231,41,,,0,30,,6243,41,,,0,70,,6232,41,,,0,45,,6244,41,,,0,70,,6233,41,,,0,30,,6245,41,,,0,70,,6234,41,,,0,28,,6251,41,,,0,68,,6250,41,,,0
800,'100011',858,,7122,41,,,0,69,,7117,41,,,0,30,,7124,41,,,0,70,,7118,41,,,0,30,,7125,41,,,0,70,,7119,41,,,0,30,,7126,41,,,0,70,,7120,41,,,0,83,,7127,41,,,0,35,,7121,41,,,0,75,,7123,41,,,0
800,'100012',618,,7143,41,,,0,30,,7128,41,,,0,70,,7144,41,,,0,30,,7129,41,,,0,70,,7145,41,,,0,40,,7146,41,,,0,69,,7130,41,,,0,30,,7154,41,,,0,70,,7131,41,,,0,30,,7155,41,,,0,70,,7132,41,,,0,30,,7156,41,,,0,70,,7133,41,,,0,83,,7157,41,,,0,35,,7134,41,,,0,75,,7147,41,,,0,35,,7135,41,,,0,75,,7136,41,,,0,75,,7148,41,,,0,35,,7137,41,,,0,80,,7149,41,,,0,81,,7138,41,,,0,30,,7150,41,,,0,70,,7139,41,,,0,30,,7151,41,,,0,70,,7140,41,,,0,45,,7152,41,,,0,70,,7141,41,,,0,30,,7153,41,,,0,70,,7142,41,,,0,28,,7159,41,,,0,68,,7158,41,,,0
800,'100036',858,,6238,41,,,0,69,,6222,41,,,0,30,,6246,41,,,0,70,,6223,41,,,0,30,,6247,41,,,0,70,,6224,41,,,0,30,,6248,41,,,0,70,,6225,41,,,0,83,,6249,41,,,0,35,,6226,41,,,0,75,,6239,41,,,0
2101,'100000',731,,6444,2,,,0,75,,6445,2,,,0,35,,6446,2,,,0,75,,6447,2,,,0,35,,6448,2,,,0,75,,6449,2,,,0,75,,6450,2,,,0,35,,6451,2,,,0,75,,6452,2,,,0,35,,6453,2,,,0,75,,6454,2,,,0,35,,6455,2,,,0,75,,6456,2,,,0,75,,6457,2,,,0,35,,6458,2,,,0,75,,6459,2,,,0,35,,6460,2,,,0,80,,6461,2,,,0,75,,6462,2,,,0,35,,6463,2,,,0
2101,'100009',731,,6401,2,,,0,75,,6394,2,,,0,35,,6402,2,,,0,75,,6395,2,,,0,35,,6412,2,,,0,75,,6410,2,,,0,75,,6403,2,,,0,36,,6396,2,,,0,74,,6404,2,,,0,35,,6397,2,,,0,75,,6405,2,,,0,35,,6398,2,,,0,75,,6406,2,,,0,75,,6399,2,,,0,35,,6413,2,,,0,75,,6409,2,,,0,35,,6407,2,,,0,80,,6400,2,,,0,75,,6408,2,,,0,35,,6411,2,,,0
2101,'100010',553,,6427,2,,,0,73,,6414,2,,,0,77,,6428,2,,,0,35,,6415,2,,,0,74,,6429,2,,,0,36,,6416,2,,,0,75,,6430,2,,,0,35,,6417,2,,,0,75,,6431,2,,,0,75,,6418,2,,,0,35,,6432,2,,,0,75,,6419,2,,,0,35,,6433,2,,,0,75,,6420,2,,,0,75,,6434,2,,,0,35,,6421,2,,,0,75,,6435,2,,,0,35,,6422,2,,,0,75,,6436,2,,,0,80,,6423,2,,,0,35,,6437,2,,,0,75,,6424,2,,,0,37,,6438,2,,,0,73,,6425,2,,,0,79,,6439,2,,,0,49,,6426,2,,,0,70,,6440,2,,,0,30,,6443,2,,,0,70,,6442,2,,,0,30,,6441,2,,,0
2101,'100012',553,,7203,2,,,0,73,,7190,2,,,0,77,,7204,2,,,0,35,,7191,2,,,0,74,,7205,2,,,0,36,,7192,2,,,0,75,,7206,2,,,0,35,,7193,2,,,0,75,,7207,2,,,0,75,,7194,2,,,0,35,,7208,2,,,0,75,,7195,2,,,0,35,,7209,2,,,0,75,,7196,2,,,0,75,,7210,2,,,0,35,,7197,2,,,0,75,,7211,2,,,0,35,,7198,2,,,0,75,,7212,2,,,0,80,,7199,2,,,0,35,,7213,2,,,0,75,,7200,2,,,0,37,,7214,2,,,0,73,,7201,2,,,0,79,,7215,2,,,0,49,,7202,2,,,0,70,,7216,2,,,0,30,,7219,2,,,0,70,,7218,2,,,0,30,,7217,2,,,0
3101,'100010',523,,6512,2,0,41 42 2 5 6,0,30,,6513,2,0,41 42 2 5 6,0,70,,6514,2,0,41 42 2 5 6,0,30,,6515,2,0,41 42 2 5 6,0,70,,6516,2,0,41 42 2 5 6,0,30,,6517,2,0,41 42 2 5 6,0,70,,6518,2,0,41 42 2 5 6,0,30,,6519,2,0,41 42 2 5 6,0,573,,6520,2,0,41 42 2 5 6,0,75,,6521,2,0,41 42 2 5 6,0,35,,6522,2,0,41 42 2 5 6,0,75,,6523,2,0,41 42 2 5 6,0,40,,6524,2,0,41 42 2 5 6,0,85,,6525,2,0,41 42 2 5 6,0,70,,6526,2,0,41 42 2 5 6,0,30,,6527,2,0,41 42 2 5 6,0
3101,'100012',523,,7236,2,0,41 42 2 5 6,0,30,,7237,2,0,41 42 2 5 6,0,70,,7238,2,0,41 42 2 5 6,0,30,,7239,2,0,41 42 2 5 6,0,70,,7240,2,0,41 42 2 5 6,0,30,,7241,2,0,41 42 2 5 6,0,70,,7242,2,0,41 42 2 5 6,0,30,,7243,2,0,41 42 2 5 6,0,573,,7244,2,0,41 42 2 5 6,0,75,,7245,2,0,41 42 2 5 6,0,35,,7246,2,0,41 42 2 5 6,0,75,,7247,2,0,41 42 2 5 6,0,40,,7248,2,0,41 42 2 5 6,0,85,,7249,2,0,41 42 2 5 6,0,70,,7250,2,0,41 42 2 5 6,0,30,,7251,2,0,41 42 2 5 6,0
1000900,'100000',731,,6634,3,,,0,80,,6635,3,,,0,40,,6636,3,,,0,80,,6637,3,,,0,80,,6638,3,,,0,40,,6639,3,,,0,80,,6640,3,,,0,85,,6641,3,,,0,40,,6642,3,,,0,80,,6643,3,,,0,80,,6644,3,,,0,40,,6645,3,,,0,80,,6646,3,,,0,80,,6647,3,,,0,85,,6648,3,,,0,40,,6649,3,,,0,80,,6650,3,,,0,80,,6651,3,,,0
1000900,'100009',731,,6581,3,,,0,80,,6582,3,,,0,40,,6583,3,,,0,80,,6584,3,,,0,80,,6585,3,,,0,40,,6586,3,,,0,80,,6587,3,,,0,85,,6588,3,,,0,40,,6589,3,,,0,80,,6590,3,,,0,80,,6591,3,,,0,40,,6592,3,,,0,80,,6593,3,,,0,80,,6594,3,,,0,85,,6595,3,,,0,40,,6596,3,,,0,80,,6597,3,,,0,80,,6598,3,,,0
1000900,'100010',519,,6609,3,,,0,100,,6611,3,,,0,30,,6612,3,,,0,100,,6614,3,,,0,62,,6615,3,,,0,102,,6617,3,,,0,20,,6618,3,,,0,100,,6620,3,,,0,70,,6621,3,,,0,100,,6623,3,,,0,30,,6624,3,,,0,100,,6626,3,,,0,70,,6627,3,,,0,100,,6629,3,,,0,28,,6630,3,,,0,102,,6632,3,,,0,18,,6633,3,,,0,155,,6603,3,,,0,30,,6606,3,,,0,100,,6601,3,,,0,85,,6607,3,,,0,85,,6605,3,,,0,35,,6604,3,,,0,75,,6608,3,,,0,35,,6600,3,,,0
1000900,'100011',549,,7261,3,,,0,170,,7262,3,,,0,120,,7263,3,,,0,164,,7264,3,,,0,130,,7265,3,,,0,170,,7266,3,,,0,134,,7267,3,,,0,166,,7268,3,,,0,133,,7260,3,,,0,170,,7259,3,,,0
1000900,'100012',519,,7279,3,,,0,30,,7280,3,,,0,70,,7281,3,,,0,30,,7282,3,,,0,70,,7283,3,,,0,30,,7284,3,,,0,62,,7285,3,,,0,28,,7286,3,,,0,74,,7287,3,,,0,20,,7288,3,,,0,70,,7289,3,,,0,30,,7290,3,,,0,70,,7291,3,,,0,30,,7292,3,,,0,70,,7293,3,,,0,30,,7294,3,,,0,70,,7295,3,,,0,30,,7296,3,,,0,70,,7297,3,,,0,30,,7298,3,,,0,70,,7299,3,,,0,28,,7300,3,,,0,72,,7301,3,,,0,30,,7302,3,,,0,18,,7303,3,,,0,85,,7272,3,,,0,70,,7273,3,,,0,30,,7276,3,,,0,70,,7269,3,,,0,30,,7271,3,,,0,85,,7277,3,,,0,85,,7275,3,,,0,35,,7274,3,,,0,75,,7278,3,,,0,35,,7270,3,,,0
1000900,'100036',549,,6610,3,,,0,170,,6613,3,,,0,120,,6616,3,,,0,164,,6619,3,,,0,130,,6622,3,,,0,170,,6625,3,,,0,130,,6628,3,,,0,170,,6631,3,,,0,133,,6602,3,,,0,170,,6599,3,,,0
2000900,'100000',751,,6739,3,,,0,80,,6740,3,,,0,80,,6741,3,,,0,40,,6742,3,,,0,80,,6743,3,,,0,80,,6744,3,,,0,40,,6745,3,,,0,80,,6746,3,,,0,85,,6747,3,,,0,40,,6748,3,,,0,80,,6749,3,,,0,80,,6750,3,,,0,85,,6751,3,,,0,40,,6752,3,,,0,80,,6753,3,,,0,80,,6754,3,,,0,40,,6755,3,,,0
2000900,'100009',751,,6687,3,,,0,80,,6688,3,,,0,80,,6689,3,,,0,40,,6690,3,,,0,80,,6691,3,,,0,80,,6692,3,,,0,40,,6693,3,,,0,80,,6694,3,,,0,85,,6695,3,,,0,40,,6696,3,,,0,80,,6697,3,,,0,80,,6698,3,,,0,85,,6699,3,,,0,40,,6700,3,,,0,80,,6701,3,,,0,80,,6702,3,,,0,40,,6703,3,,,0
2000900,'100010',543,,6704,3,,,0,60,,6705,3,,,0,100,,6707,3,,,0,30,,6708,3,,,0,100,,6710,3,,,0,22,,6735,3,,,0,97,,6712,3,,,0,60,,6713,3,,,0,100,,6715,3,,,0,30,,6716,3,,,0,100,,6718,3,,,0,70,,6719,3,,,0,100,,6721,3,,,0,31,,6722,3,,,0,104,,6724,3,,,0,64,,6725,3,,,0,110,,6727,3,,,0,30,,6728,3,,,0,100,,6730,3,,,0,70,,6731,3,,,0,100,,6733,3,,,0,34,,6734,3,,,0,85,,6736,3,,,0,75,,6737,3,,,0,36,,6738,3,,,0
2000900,'100011',633,,7304,3,,,0,120,,7305,3,,,0,170,,7306,3,,,0,119,,7307,3,,,0,170,,7308,3,,,0,130,,7309,3,,,0,182,,7310,3,,,0,119,,7311,3,,,0,178,,7312,3,,,0,126,,7313,3,,,0
2000900,'100012',543,,7314,3,,,0,60,,7315,3,,,0,30,,7316,3,,,0,70,,7317,3,,,0,30,,7318,3,,,0,20,,7319,3,,,0,80,,7320,3,,,0,22,,7345,3,,,0,68,,7321,3,,,0,29,,7322,3,,,0,60,,7323,3,,,0,30,,7324,3,,,0,70,,7325,3,,,0,30,,7326,3,,,0,70,,7327,3,,,0,30,,7328,3,,,0,70,,7329,3,,,0,30,,7330,3,,,0,70,,7331,3,,,0,31,,7332,3,,,0,81,,7333,3,,,0,23,,7334,3,,,0,64,,7335,3,,,0,32,,7336,3,,,0,78,,7337,3,,,0,30,,7338,3,,,0,70,,7339,3,,,0,30,,7340,3,,,0,70,,7341,3,,,0,26,,7342,3,,,0,74,,7343,3,,,0,34,,7344,3,,,0,85,,7346,3,,,0,75,,7347,3,,,0,36,,7348,3,,,0
2000900,'100036',633,,6706,3,,,0,120,,6709,3,,,0,170,,6711,3,,,0,119,,6714,3,,,0,170,,6717,3,,,0,130,,6720,3,,,0,171,,6723,3,,,0,130,,6726,3,,,0,178,,6729,3,,,0,126,,6732,3,,,0
