101,'100000',803,,5348,3,0,37 38 2 35 39 40,0,100,,5349,3,0,37 38 2 35 39 40,0,100,,5350,3,0,37 38 2 35 39 40,0,100,,5351,3,0,37 38 2 35 39 40,0,100,,5352,3,0,37 38 2 35 39 40,0,100,,5353,3,0,37 38 2 35 39 40,0,100,,5354,3,0,37 38 2 35 39 40,0,100,,5355,3,0,37 38 2 35 39 40,0,100,,5356,3,0,37 38 2 35 39 40,0,100,,5357,3,0,37 38 2 35 39 40,0,100,,5358,3,0,37 38 2 35 39 40,0,100,,5359,3,0,37 38 2 35 39 40,0
101,'100009',733,,5312,3,0,37 38 2 35 39 40,0,70,,5289,3,0,37 38 2 35 39 40,0,30,,5301,3,0,37 38 2 35 39 40,0,70,,5290,3,0,37 38 2 35 39 40,0,30,,5302,3,0,37 38 2 35 39 40,0,70,,5291,3,0,37 38 2 35 39 40,0,30,,5303,3,0,37 38 2 35 39 40,0,70,,5292,3,0,37 38 2 35 39 40,0,30,,5304,3,0,37 38 2 35 39 40,0,70,,5293,3,0,37 38 2 35 39 40,0,30,,5305,3,0,37 38 2 35 39 40,0,70,,5295,3,0,37 38 2 35 39 40,0,30,,5306,3,0,37 38 2 35 39 40,0,70,,5294,3,0,37 38 2 35 39 40,0,30,,5307,3,0,37 38 2 35 39 40,0,70,,5297,3,0,37 38 2 35 39 40,0,30,,5308,3,0,37 38 2 35 39 40,0,70,,5296,3,0,37 38 2 35 39 40,0,30,,5309,3,0,37 38 2 35 39 40,0,70,,5298,3,0,37 38 2 35 39 40,0,30,,5310,3,0,37 38 2 35 39 40,0,70,,5299,3,0,37 38 2 35 39 40,0,30,,5311,3,0,37 38 2 35 39 40,0,70,,5300,3,0,37 38 2 35 39 40,0
101,'100010',525,,5314,3,0,37 38 2 35 39 40,0,30,,5318,3,0,37 38 2 35 39 40,0,70,,5317,3,0,37 38 2 35 39 40,0,30,,5319,3,0,37 38 2 35 39 40,0,70,,5316,3,0,37 38 2 35 39 40,0,30,,5320,3,0,37 38 2 35 39 40,0,80,,5313,3,0,37 38 2 35 39 40,0,70,,5321,3,0,37 38 2 35 39 40,0,30,,5315,3,0,37 38 2 35 39 40,0,70,,5322,3,0,37 38 2 35 39 40,0,30,,5333,3,0,37 38 2 35 39 40,0,70,,5323,3,0,37 38 2 35 39 40,0,30,,5334,3,0,37 38 2 35 39 40,0,70,,5324,3,0,37 38 2 35 39 40,0,30,,5335,3,0,37 38 2 35 39 40,0,70,,5325,3,0,37 38 2 35 39 40,0,30,,5326,3,0,37 38 2 35 39 40,0,70,,5343,3,0,37 38 2 35 39 40,0,30,,5327,3,0,37 38 2 35 39 40,0,78,,5342,3,0,37 38 2 35 39 40,0,30,,5328,3,0,37 38 2 35 39 40,0,70,,5341,3,0,37 38 2 35 39 40,0,30,,5329,3,0,37 38 2 35 39 40,0,70,,5340,3,0,37 38 2 35 39 40,0,30,,5330,3,0,37 38 2 35 39 40,0,70,,5339,3,0,37 38 2 35 39 40,0,30,,5331,3,0,37 38 2 35 39 40,0,70,,5338,3,0,37 38 2 35 39 40,0,40,,5332,3,0,37 38 2 35 39 40,0,70,,5337,3,0,37 38 2 35 39 40,0,30,,5336,3,0,37 38 2 35 39 40,0,70,,5344,3,0,37 38 2 35 39 40,0,30,,5345,3,0,37 38 2 35 39 40,0,70,,5347,3,0,37 38 2 35 39 40,0,30,,5346,3,0,37 38 2 35 39 40,0
101,'100011',525,,6791,3,0,37 38 2 35 39 40,0,30,,6795,3,0,37 38 2 35 39 40,0,70,,6794,3,0,37 38 2 35 39 40,0,30,,6796,3,0,37 38 2 35 39 40,0,70,,6793,3,0,37 38 2 35 39 40,0,30,,6797,3,0,37 38 2 35 39 40,0,80,,6790,3,0,37 38 2 35 39 40,0,70,,6798,3,0,37 38 2 35 39 40,0,30,,6792,3,0,37 38 2 35 39 40,0,70,,6799,3,0,37 38 2 35 39 40,0,30,,6810,3,0,37 38 2 35 39 40,0,70,,6800,3,0,37 38 2 35 39 40,0,30,,6811,3,0,37 38 2 35 39 40,0,70,,6801,3,0,37 38 2 35 39 40,0,30,,6812,3,0,37 38 2 35 39 40,0,70,,6802,3,0,37 38 2 35 39 40,0,30,,6803,3,0,37 38 2 35 39 40,0,70,,6820,3,0,37 38 2 35 39 40,0,30,,6804,3,0,37 38 2 35 39 40,0,78,,6819,3,0,37 38 2 35 39 40,0,30,,6805,3,0,37 38 2 35 39 40,0,70,,6818,3,0,37 38 2 35 39 40,0,30,,6806,3,0,37 38 2 35 39 40,0,70,,6817,3,0,37 38 2 35 39 40,0,30,,6807,3,0,37 38 2 35 39 40,0,70,,6816,3,0,37 38 2 35 39 40,0,30,,6808,3,0,37 38 2 35 39 40,0,70,,6815,3,0,37 38 2 35 39 40,0,40,,6809,3,0,37 38 2 35 39 40,0,70,,6814,3,0,37 38 2 35 39 40,0,30,,6813,3,0,37 38 2 35 39 40,0,70,,6821,3,0,37 38 2 35 39 40,0,30,,6822,3,0,37 38 2 35 39 40,0,70,,6824,3,0,37 38 2 35 39 40,0,30,,6823,3,0,37 38 2 35 39 40,0
201,'100000',803,,5575,20,,,0,30,,5576,20,,,0,70,,5577,20,,,0,30,,5578,20,,,0,70,,5579,20,,,0,30,,5580,20,,,0,70,,5581,20,,,0,30,,5582,20,,,0,70,,5583,20,,,0,45,,5597,3,,,0,70,,5585,20,,,0,30,,5586,20,,,0,70,,5587,20,,,0,30,,5588,20,,,0,70,,5589,20,,,0,30,,5590,20,,,0,85,,5598,3,,,0,70,,5592,20,,,0,30,,5593,20,,,0,70,,5594,20,,,0,30,,5595,20,,,0,70,,5596,20,,,0,30,,5591,20,,,0
201,'100009',803,,5520,20,,,0,30,,5524,20,,,0,70,,5521,20,,,0,30,,5533,20,,,0,70,,5523,20,,,0,30,,5522,20,,,0,70,,5525,20,,,0,30,,5526,20,,,0,70,,5515,20,,,0,45,,5539,3,,,0,70,,5528,20,,,0,30,,5529,20,,,0,70,,5530,20,,,0,30,,5531,20,,,0,70,,5532,20,,,0,30,,5535,20,,,0,85,,5537,3,,,0,70,,5534,20,,,0,30,,5516,20,,,0,70,,5519,20,,,0,30,,5518,20,,,0,70,,5517,20,,,0,30,,5527,20,,,0
201,'100010',525,,5570,3,,,0,30,,5573,20,,,0,70,,5540,20,,,0,30,,5548,20,,,0,70,,5541,20,,,0,30,,5549,20,,,0,80,,5542,20,,,0,70,,6867,20,,,0,30,,5543,20,,,0,70,,6868,20,,,0,30,,5544,20,,,0,70,,6869,20,,,0,30,,5545,20,,,0,70,,6870,20,,,0,38,,5574,3,,,0,75,,6873,20,,,0,35,,5547,20,,,0,75,,6871,20,,,0,75,,5561,20,,,0,35,,6872,20,,,0,75,,5562,20,,,0,40,,5556,20,,,0,85,,5572,20,,,0,70,,5563,20,,,0,30,,5557,20,,,0,70,,5564,20,,,0,30,,5558,20,,,0,85,,5565,20,,,0,30,,5559,20,,,0,70,,5566,20,,,0,30,,5560,20,,,0,70,,5567,20,,,0,30,,5568,20,,,0,71,,5569,20,,,0
201,'100011',525,,6904,3,,,0,30,,6907,20,,,0,70,,6874,20,,,0,30,,6882,20,,,0,70,,6875,20,,,0,30,,6883,20,,,0,80,,6876,20,,,0,70,,6884,20,,,0,30,,6877,20,,,0,70,,6885,20,,,0,30,,6878,20,,,0,70,,6886,20,,,0,30,,6879,20,,,0,70,,6887,20,,,0,38,,6908,3,,,0,75,,6905,20,,,0,35,,6881,20,,,0,75,,6888,20,,,0,75,,6895,20,,,0,35,,6889,20,,,0,75,,6896,20,,,0,40,,6890,20,,,0,85,,6906,20,,,0,70,,6897,20,,,0,30,,6891,20,,,0,70,,6898,20,,,0,30,,6892,20,,,0,85,,6899,20,,,0,30,,6893,20,,,0,70,,6900,20,,,0,30,,6894,20,,,0,70,,6901,20,,,0,30,,6902,20,,,0,71,,6903,20,,,0
600,'100000',732,,6081,3,,,0,100,,6082,3,,,0,100,,6083,3,,,0,100,,6084,3,,,0,100,,6085,3,,,0,115,,6077,3,,,0,100,,6076,3,,,0,100,,6075,3,,,0,100,,6074,3,,,0,155,,6079,3,,,0,100,,6078,3,,,0,100,,6080,3,,,0
600,'100009',732,,6035,3,,,0,100,,6036,3,,,0,100,,6038,3,,,0,100,,6027,3,,,0,100,,6037,3,,,0,115,,6031,3,,,0,100,,6028,3,,,0,100,,6032,3,,,0,100,,6029,3,,,0,155,,6033,3,,,0,100,,6030,3,,,0,100,,6034,3,,,0
600,'100010',524,,6049,3,,,0,30,,6039,3,,,0,58,,6067,3,,,0,12,,6050,3,,,0,30,,6040,3,,,0,58,,6068,3,,,0,12,,6051,3,,,0,30,,6041,3,,,0,80,,6042,3,,,0,70,,6059,3,,,0,30,,6043,3,,,0,70,,6060,3,,,0,30,,6044,3,,,0,70,,6069,3,,,0,30,,6045,3,,,0,70,,6070,3,,,0,38,,6046,3,,,0,75,,6071,3,,,0,35,,6047,3,,,0,75,,6052,3,,,0,75,,6048,3,,,0,35,,6061,3,,,0,75,,6053,3,,,0,40,,6062,3,,,0,85,,6054,3,,,0,70,,6063,3,,,0,30,,6055,3,,,0,70,,6064,3,,,0,30,,6056,3,,,0,85,,6065,3,,,0,30,,6057,3,,,0,70,,6066,3,,,0,30,,6058,3,,,0,70,,6073,3,,,0,30,,6072,3,,,0
600,'100011',524,,7058,3,,,0,30,,7048,3,,,0,58,,7076,3,,,0,12,,7059,3,,,0,30,,7049,3,,,0,58,,7077,3,,,0,12,,7060,3,,,0,30,,7050,3,,,0,80,,7051,3,,,0,70,,7068,3,,,0,30,,7052,3,,,0,70,,7069,3,,,0,30,,7053,3,,,0,70,,7078,3,,,0,30,,7054,3,,,0,70,,7079,3,,,0,38,,7055,3,,,0,75,,7080,3,,,0,35,,7056,3,,,0,75,,7061,3,,,0,75,,7057,3,,,0,35,,7070,3,,,0,75,,7062,3,,,0,40,,7071,3,,,0,85,,7063,3,,,0,70,,7072,3,,,0,30,,7064,3,,,0,70,,7073,3,,,0,30,,7065,3,,,0,85,,7074,3,,,0,30,,7066,3,,,0,70,,7075,3,,,0,30,,7067,3,,,0,70,,7082,3,,,0,30,,7081,3,,,0
700,'100000',802,,6165,3,,,0,100,,6166,3,,,0,100,,6167,3,,,0,100,,6168,3,,,0,100,,6169,3,,,0,115,,6170,3,,,0,100,,6171,3,,,0,100,,6172,3,,,0,115,,6173,3,,,0,100,,6174,3,,,0,100,,6175,3,,,0
700,'100009',802,,6120,3,,,0,100,,6121,3,,,0,100,,6122,3,,,0,100,,6123,3,,,0,100,,6124,3,,,0,115,,6125,3,,,0,100,,6126,3,,,0,100,,6127,3,,,0,115,,6128,3,,,0,100,,6129,3,,,0,100,,6130,3,,,0
700,'100010',524,,6131,3,,,0,30,,6141,3,,,0,70,,6132,3,,,0,18,,6159,3,,,0,12,,6142,3,,,0,70,,6133,3,,,0,30,,6143,3,,,0,80,,6152,3,,,0,70,,6134,3,,,0,30,,6153,3,,,0,70,,6135,3,,,0,30,,6160,3,,,0,70,,6136,3,,,0,30,,6161,3,,,0,70,,6137,3,,,0,38,,6162,3,,,0,75,,6138,3,,,0,35,,6144,3,,,0,75,,6139,3,,,0,75,,6145,3,,,0,35,,6140,3,,,0,75,,6146,3,,,0,40,,6147,3,,,0,85,,6154,3,,,0,70,,6148,3,,,0,30,,6155,3,,,0,70,,6149,3,,,0,30,,6156,3,,,0,85,,6150,3,,,0,30,,6157,3,,,0,70,,6151,3,,,0,30,,6158,3,,,0,70,,6163,3,,,0,30,,6164,3,,,0
700,'100011',524,,7083,3,,,0,30,,7093,3,,,0,70,,7084,3,,,0,18,,7111,3,,,0,12,,7094,3,,,0,70,,7085,3,,,0,30,,7095,3,,,0,80,,7104,3,,,0,70,,7086,3,,,0,30,,7105,3,,,0,70,,7087,3,,,0,30,,7112,3,,,0,70,,7088,3,,,0,30,,7113,3,,,0,70,,7089,3,,,0,38,,7114,3,,,0,75,,7090,3,,,0,35,,7096,3,,,0,75,,7091,3,,,0,75,,7097,3,,,0,35,,7092,3,,,0,75,,7098,3,,,0,40,,7099,3,,,0,85,,7106,3,,,0,70,,7100,3,,,0,30,,7107,3,,,0,70,,7101,3,,,0,30,,7108,3,,,0,85,,7102,3,,,0,30,,7109,3,,,0,70,,7103,3,,,0,30,,7110,3,,,0,70,,7115,3,,,0,30,,7116,3,,,0
1000900,'100000',733,,6634,4,,,0,80,,6635,4,,,0,40,,6636,4,,,0,80,,6637,4,,,0,80,,6638,4,,,0,40,,6639,4,,,0,80,,6640,4,,,0,85,,6641,4,,,0,40,,6642,4,,,0,81,,6643,4,,,0,80,,6644,4,,,0,40,,6645,4,,,0,80,,6646,4,,,0,80,,6647,4,,,0,85,,6648,4,,,0,40,,6649,4,,,0,80,,6650,4,,,0,80,,6651,4,,,0
1000900,'100009',733,,6581,4,,,0,80,,6582,4,,,0,40,,6583,4,,,0,80,,6584,4,,,0,80,,6585,4,,,0,40,,6586,4,,,0,80,,6587,4,,,0,85,,6588,4,,,0,40,,6589,4,,,0,81,,6590,4,,,0,80,,6591,4,,,0,40,,6592,4,,,0,80,,6593,4,,,0,80,,6594,4,,,0,85,,6595,4,,,0,40,,6596,4,,,0,80,,6597,4,,,0,80,,6598,4,,,0
1000900,'100010',520,,6609,4,,,0,30,,7261,4,,,0,70,,6611,4,,,0,30,,6612,4,,,0,70,,7262,4,,,0,30,,6614,4,,,0,62,,6615,4,,,0,28,,7263,4,,,0,75,,6617,4,,,0,20,,6618,4,,,0,70,,7264,4,,,0,30,,6620,4,,,0,70,,6621,4,,,0,30,,7265,4,,,0,70,,6623,4,,,0,30,,6624,4,,,0,70,,7266,4,,,0,30,,6626,4,,,0,71,,6627,4,,,0,34,,7267,4,,,0,66,,6629,4,,,0,28,,6630,4,,,0,72,,7268,4,,,0,30,,6632,4,,,0,18,,6633,4,,,0,85,,7260,4,,,0,70,,6603,4,,,0,30,,6606,4,,,0,70,,7259,4,,,0,29,,6601,4,,,0,84,,6607,4,,,0,85,,6605,4,,,0,35,,6604,4,,,0,75,,6608,4,,,0,35,,6600,4,,,0
1000900,'100011',520,,7279,4,,,0,30,,7280,4,,,0,70,,7281,4,,,0,30,,7282,4,,,0,70,,7283,4,,,0,30,,7284,4,,,0,62,,7285,4,,,0,28,,7286,4,,,0,75,,7287,4,,,0,20,,7288,4,,,0,70,,7289,4,,,0,30,,7290,4,,,0,70,,7291,4,,,0,30,,7292,4,,,0,70,,7293,4,,,0,30,,7294,4,,,0,70,,7295,4,,,0,30,,7296,4,,,0,71,,7297,4,,,0,30,,7298,4,,,0,70,,7299,4,,,0,28,,7300,4,,,0,72,,7301,4,,,0,30,,7302,4,,,0,18,,7303,4,,,0,85,,7272,4,,,0,70,,7273,4,,,0,30,,7276,4,,,0,70,,7269,4,,,0,29,,7271,4,,,0,84,,7277,4,,,0,85,,7275,4,,,0,35,,7274,4,,,0,75,,7278,4,,,0,35,,7270,4,,,0
2000900,'100000',753,,6739,4,,,0,80,,6740,4,,,0,80,,6741,4,,,0,40,,6742,4,,,0,80,,6743,4,,,0,80,,6744,4,,,0,40,,6745,4,,,0,80,,6746,4,,,0,85,,6747,4,,,0,40,,6748,4,,,0,81,,6749,4,,,0,80,,6750,4,,,0,85,,6751,4,,,0,40,,6752,4,,,0,80,,6753,4,,,0,80,,6754,4,,,0,40,,6755,4,,,0
2000900,'100009',753,,6687,4,,,0,80,,6688,4,,,0,80,,6689,4,,,0,40,,6690,4,,,0,80,,6691,4,,,0,80,,6692,4,,,0,40,,6693,4,,,0,80,,6694,4,,,0,85,,6695,4,,,0,40,,6696,4,,,0,81,,6697,4,,,0,80,,6698,4,,,0,85,,6699,4,,,0,40,,6700,4,,,0,80,,6701,4,,,0,80,,6702,4,,,0,40,,6703,4,,,0
2000900,'100010',544,,6704,4,,,0,60,,6705,4,,,0,30,,7304,4,,,0,70,,6707,4,,,0,30,,6708,4,,,0,20,,7305,4,,,0,80,,6710,4,,,0,22,,6735,4,,,0,68,,7306,4,,,0,30,,6712,4,,,0,60,,6713,4,,,0,30,,7307,4,,,0,70,,6715,4,,,0,30,,6716,4,,,0,70,,7308,4,,,0,30,,6718,4,,,0,70,,6719,4,,,0,30,,7309,4,,,0,71,,6721,4,,,0,31,,6722,4,,,0,81,,7310,4,,,0,23,,6724,4,,,0,64,,6725,4,,,0,32,,7311,4,,,0,78,,6727,4,,,0,30,,6728,4,,,0,70,,7312,4,,,0,30,,6730,4,,,0,70,,6731,4,,,0,25,,7313,4,,,0,73,,6733,4,,,0,34,,6734,4,,,0,85,,6736,4,,,0,75,,6737,4,,,0,36,,6738,4,,,0
2000900,'100011',544,,7314,4,,,0,60,,7315,4,,,0,30,,7316,4,,,0,70,,7317,4,,,0,30,,7318,4,,,0,20,,7319,4,,,0,80,,7320,4,,,0,22,,7345,4,,,0,68,,7321,4,,,0,30,,7322,4,,,0,60,,7323,4,,,0,30,,7324,4,,,0,70,,7325,4,,,0,30,,7326,4,,,0,70,,7327,4,,,0,30,,7328,4,,,0,70,,7329,4,,,0,30,,7330,4,,,0,71,,7331,4,,,0,31,,7332,4,,,0,81,,7333,4,,,0,23,,7334,4,,,0,64,,7335,4,,,0,32,,7336,4,,,0,78,,7337,4,,,0,30,,7338,4,,,0,70,,7339,4,,,0,30,,7340,4,,,0,70,,7341,4,,,0,25,,7342,4,,,0,73,,7343,4,,,0,34,,7344,4,,,0,85,,7346,4,,,0,75,,7347,4,,,0,36,,7348,4,,,0
