700,'100000',815,,6165,25,,,0,100,,6166,25,,,0,100,,6167,25,,,0,100,,6168,25,,,0,100,,6169,25,,,0,115,,6170,25,,,0,100,,6171,25,,,0,100,,6172,25,,,0,115,,6173,25,,,0,100,,6174,25,,,0,100,,6175,25,,,0
700,'100009',815,,6120,25,,,0,100,,6121,25,,,0,100,,6122,25,,,0,100,,6123,25,,,0,100,,6124,25,,,0,115,,6125,25,,,0,100,,6126,25,,,0,100,,6127,25,,,0,115,,6128,25,,,0,100,,6129,25,,,0,100,,6130,25,,,0
700,'100010',537,,6131,25,,,0,70,,6141,25,,,0,30,,6132,25,,,0,18,,6159,25,,,0,52,,6142,25,,,0,30,,6133,25,,,0,70,,6143,25,,,0,40,,6152,25,,,0,70,,6134,25,,,0,30,,6153,25,,,0,70,,6135,25,,,0,30,,6160,25,,,0,70,,6136,25,,,0,30,,6161,25,,,0,70,,6137,25,,,0,42,,6162,25,,,0,75,,6138,25,,,0,75,,6144,25,,,0,35,,6139,25,,,0,75,,6145,25,,,0,35,,6140,25,,,0,75,,6146,25,,,0,80,,6147,25,,,0,41,,6154,25,,,0,70,,6148,25,,,0,30,,6155,25,,,0,70,,6149,25,,,0,30,,6156,25,,,0,86,,6150,25,,,0,70,,6157,25,,,0,30,,6151,25,,,0,70,,6158,25,,,0,30,,6163,25,,,0,70,,6164,25,,,0
700,'100012',537,,7083,25,,,0,70,,7093,25,,,0,30,,7084,25,,,0,18,,7111,25,,,0,52,,7094,25,,,0,30,,7085,25,,,0,70,,7095,25,,,0,40,,7104,25,,,0,70,,7086,25,,,0,30,,7105,25,,,0,70,,7087,25,,,0,30,,7112,25,,,0,70,,7088,25,,,0,30,,7113,25,,,0,70,,7089,25,,,0,42,,7114,25,,,0,75,,7090,25,,,0,75,,7096,25,,,0,35,,7091,25,,,0,75,,7097,25,,,0,35,,7092,25,,,0,75,,7098,25,,,0,80,,7099,25,,,0,41,,7106,25,,,0,70,,7100,25,,,0,30,,7107,25,,,0,70,,7101,25,,,0,30,,7108,25,,,0,86,,7102,25,,,0,70,,7109,25,,,0,30,,7103,25,,,0,70,,7110,25,,,0,30,,7115,25,,,0,70,,7116,25,,,0
5000,'100010',740,,6528,27,,,0
5001,'100010',1528,,6529,40,,,0
5100,'100010',745,,6530,27,,,0
5101,'100010',1506,,6531,38,,,0
5300,'100011',743,,7253,3,,,0
5300,'100036',743,,6536,3,,,0
5301,'100010',1534,,6537,27,,,0
