800,'100000',740,,6252,18,,,0,100,,6253,18,,,0,100,,6254,18,,,0,100,,6255,18,,,0,100,,6256,18,,,0,115,,6257,18,,,0,100,,6258,18,,,0,100,,6259,18,,,0,100,,6260,18,,,0,155,,6261,18,,,0,100,,6262,18,,,0,100,,6263,18,,,0
800,'100009',740,,6208,18,,,0,100,,6214,18,,,0,100,,6209,18,,,0,100,,6215,18,,,0,100,,6210,18,,,0,115,,6216,18,,,0,100,,6211,18,,,0,100,,6217,18,,,0,100,,6212,18,,,0,155,,6218,18,,,0,100,,6213,18,,,0,100,,6219,18,,,0
800,'100010',603,,6235,18,,,0,30,,6220,18,,,0,70,,6236,18,,,0,30,,6221,18,,,0,70,,6237,18,,,0,635,,6227,18,,,0,75,,6228,18,,,0,35,,6240,18,,,0,75,,6229,18,,,0,80,,6241,18,,,0,43,,6230,18,,,0,70,,6242,18,,,0,30,,6231,18,,,0,70,,6243,18,,,0,30,,6232,18,,,0,85,,6244,18,,,0,70,,6233,18,,,0,30,,6245,18,,,0,70,,6234,18,,,0,29,,6251,18,,,0,28,,6250,18,,,0
800,'100011',843,,7122,18,,,0,69,,7117,18,,,0,30,,7124,18,,,0,70,,7118,18,,,0,30,,7125,18,,,0,70,,7119,18,,,0,30,,7126,18,,,0,70,,7120,18,,,0,41,,7127,18,,,0,75,,7121,18,,,0,75,,7123,18,,,0
800,'100012',603,,7143,18,,,0,30,,7128,18,,,0,70,,7144,18,,,0,30,,7129,18,,,0,70,,7145,18,,,0,40,,7146,18,,,0,69,,7130,18,,,0,30,,7154,18,,,0,70,,7131,18,,,0,30,,7155,18,,,0,70,,7132,18,,,0,30,,7156,18,,,0,70,,7133,18,,,0,41,,7157,18,,,0,75,,7134,18,,,0,75,,7147,18,,,0,35,,7135,18,,,0,75,,7136,18,,,0,35,,7148,18,,,0,75,,7137,18,,,0,80,,7149,18,,,0,43,,7138,18,,,0,70,,7150,18,,,0,30,,7139,18,,,0,70,,7151,18,,,0,30,,7140,18,,,0,85,,7152,18,,,0,70,,7141,18,,,0,30,,7153,18,,,0,70,,7142,18,,,0,29,,7159,18,,,0,28,,7158,18,,,0
800,'100036',843,,6238,18,,,0,69,,6222,18,,,0,30,,6246,18,,,0,70,,6223,18,,,0,30,,6247,18,,,0,70,,6224,18,,,0,30,,6248,18,,,0,70,,6225,18,,,0,41,,6249,18,,,0,75,,6226,18,,,0,75,,6239,18,,,0
5100,'100010',753,,6530,35,,,0
5300,'100011',806,,7253,35,,,0
5300,'100036',806,,6536,35,,,0
5301,'100010',1527,,6537,22,,,0
5501,'100011',1502,,7256,8,,,0
5501,'100036',1502,,6543,8,,,0
