1000900,'100000',742,,6634,13,,,0,80,,6635,13,,,0,80,,6636,13,,,0,40,,6637,13,,,0,80,,6638,13,,,0,80,,6639,13,,,0,40,,6640,13,,,0,85,,6641,13,,,0,80,,6642,13,,,0,41,,6643,13,,,0,80,,6644,13,,,0,80,,6645,13,,,0,40,,6646,13,,,0,80,,6647,13,,,0,85,,6648,13,,,0,40,,6649,13,,,0,80,,6650,13,,,0,80,,6651,13,,,0
1000900,'100009',742,,6581,13,,,0,80,,6582,13,,,0,80,,6583,13,,,0,40,,6584,13,,,0,80,,6585,13,,,0,80,,6586,13,,,0,40,,6587,13,,,0,85,,6588,13,,,0,80,,6589,13,,,0,41,,6590,13,,,0,80,,6591,13,,,0,80,,6592,13,,,0,40,,6593,13,,,0,80,,6594,13,,,0,85,,6595,13,,,0,40,,6596,13,,,0,80,,6597,13,,,0,80,,6598,13,,,0
1000900,'100010',528,,6609,13,,,0,100,,6611,13,,,0,30,,6612,13,,,0,100,,6614,13,,,0,62,,6615,13,,,0,103,,6617,13,,,0,20,,6618,13,,,0,100,,6620,13,,,0,70,,6621,13,,,0,100,,6623,13,,,0,30,,6624,13,,,0,100,,6626,13,,,0,72,,6627,13,,,0,100,,6629,13,,,0,28,,6630,13,,,0,102,,6632,13,,,0,58,,6633,13,,,0,115,,6603,13,,,0,30,,6606,13,,,0,99,,6601,13,,,0,83,,6607,13,,,0,85,,6605,13,,,0,35,,6604,13,,,0,75,,6608,13,,,0,75,,6600,13,,,0
1000900,'100011',558,,7261,13,,,0,170,,7262,13,,,0,120,,7263,13,,,0,165,,7264,13,,,0,130,,7265,13,,,0,170,,7266,13,,,0,136,,7267,13,,,0,166,,7268,13,,,0,133,,7260,13,,,0,170,,7259,13,,,0
1000900,'100012',528,,7279,13,,,0,30,,7280,13,,,0,70,,7281,13,,,0,30,,7282,13,,,0,70,,7283,13,,,0,30,,7284,13,,,0,62,,7285,13,,,0,28,,7286,13,,,0,75,,7287,13,,,0,20,,7288,13,,,0,70,,7289,13,,,0,30,,7290,13,,,0,70,,7291,13,,,0,30,,7292,13,,,0,70,,7293,13,,,0,30,,7294,13,,,0,70,,7295,13,,,0,30,,7296,13,,,0,72,,7297,13,,,0,30,,7298,13,,,0,70,,7299,13,,,0,28,,7300,13,,,0,72,,7301,13,,,0,30,,7302,13,,,0,58,,7303,13,,,0,45,,7272,13,,,0,70,,7273,13,,,0,30,,7276,13,,,0,70,,7269,13,,,0,29,,7271,13,,,0,83,,7277,13,,,0,85,,7275,13,,,0,35,,7274,13,,,0,75,,7278,13,,,0,75,,7270,13,,,0
1000900,'100036',558,,6610,13,,,0,170,,6613,13,,,0,120,,6616,13,,,0,165,,6619,13,,,0,130,,6622,13,,,0,170,,6625,13,,,0,132,,6628,13,,,0,170,,6631,13,,,0,133,,6602,13,,,0,170,,6599,13,,,0
2000900,'100000',802,,6739,13,,,0,40,,6740,13,,,0,80,,6741,13,,,0,80,,6742,13,,,0,40,,6743,13,,,0,80,,6744,13,,,0,80,,6745,13,,,0,40,,6746,13,,,0,85,,6747,13,,,0,80,,6748,13,,,0,41,,6749,13,,,0,80,,6750,13,,,0,85,,6751,13,,,0,40,,6752,13,,,0,80,,6753,13,,,0,80,,6754,13,,,0,40,,6755,13,,,0
2000900,'100009',802,,6687,13,,,0,40,,6688,13,,,0,80,,6689,13,,,0,80,,6690,13,,,0,40,,6691,13,,,0,80,,6692,13,,,0,80,,6693,13,,,0,40,,6694,13,,,0,85,,6695,13,,,0,80,,6696,13,,,0,41,,6697,13,,,0,80,,6698,13,,,0,85,,6699,13,,,0,40,,6700,13,,,0,80,,6701,13,,,0,80,,6702,13,,,0,40,,6703,13,,,0
2000900,'100010',552,,6704,13,,,0,60,,6705,13,,,0,100,,6707,13,,,0,30,,6708,13,,,0,100,,6710,13,,,0,62,,6735,13,,,0,98,,6712,13,,,0,20,,6713,13,,,0,100,,6715,13,,,0,30,,6716,13,,,0,100,,6718,13,,,0,70,,6719,13,,,0,102,,6721,13,,,0,31,,6722,13,,,0,104,,6724,13,,,0,64,,6725,13,,,0,110,,6727,13,,,0,70,,6728,13,,,0,100,,6730,13,,,0,30,,6731,13,,,0,97,,6733,13,,,0,74,,6734,13,,,0,45,,6736,13,,,0,75,,6737,13,,,0,76,,6738,13,,,0
2000900,'100011',642,,7304,13,,,0,160,,7305,13,,,0,130,,7306,13,,,0,120,,7307,13,,,0,170,,7308,13,,,0,130,,7309,13,,,0,184,,7310,13,,,0,119,,7311,13,,,0,178,,7312,13,,,0,125,,7313,13,,,0
2000900,'100012',552,,7314,13,,,0,60,,7315,13,,,0,30,,7316,13,,,0,70,,7317,13,,,0,30,,7318,13,,,0,60,,7319,13,,,0,40,,7320,13,,,0,62,,7345,13,,,0,28,,7321,13,,,0,70,,7322,13,,,0,20,,7323,13,,,0,30,,7324,13,,,0,70,,7325,13,,,0,30,,7326,13,,,0,70,,7327,13,,,0,30,,7328,13,,,0,70,,7329,13,,,0,30,,7330,13,,,0,72,,7331,13,,,0,31,,7332,13,,,0,81,,7333,13,,,0,23,,7334,13,,,0,64,,7335,13,,,0,32,,7336,13,,,0,78,,7337,13,,,0,70,,7338,13,,,0,30,,7339,13,,,0,70,,7340,13,,,0,30,,7341,13,,,0,25,,7342,13,,,0,72,,7343,13,,,0,74,,7344,13,,,0,45,,7346,13,,,0,75,,7347,13,,,0,76,,7348,13,,,0
2000900,'100036',642,,6706,13,,,0,160,,6709,13,,,0,130,,6711,13,,,0,120,,6714,13,,,0,170,,6717,13,,,0,130,,6720,13,,,0,173,,6723,13,,,0,130,,6726,13,,,0,178,,6729,13,,,0,125,,6732,13,,,0
