200,'100000',714,,5476,2,,,0,30,,5454,2,,,0,70,,5455,2,,,0,30,,5456,2,,,0,70,,5457,2,,,0,30,,5458,2,,,0,70,,5459,2,,,0,30,,5460,2,,,0,70,,5461,2,,,0,30,,5462,2,,,0,70,,5463,2,,,0,45,,5464,2,,,0,70,,5465,2,,,0,30,,5466,2,,,0,70,,5467,2,,,0,30,,5468,2,,,0,70,,5469,2,,,0,30,,5479,2,,,0,85,,5471,2,,,0,70,,5472,2,,,0,30,,5473,2,,,0,70,,5474,2,,,0,30,,5475,2,,,0,70,,5470,2,,,0
200,'100009',714,,5415,2,,,0,30,,5414,2,,,0,70,,5395,2,,,0,30,,5394,2,,,0,70,,5396,2,,,0,30,,5397,2,,,0,70,,5398,2,,,0,30,,5399,2,,,0,70,,5400,2,,,0,30,,5401,2,,,0,70,,5418,2,,,0,45,,5402,2,,,0,70,,5403,2,,,0,30,,5404,2,,,0,70,,5405,2,,,0,30,,5406,2,,,0,70,,5407,2,,,0,30,,5416,2,,,0,85,,5408,2,,,0,70,,5409,2,,,0,30,,5410,2,,,0,70,,5411,2,,,0,30,,5412,2,,,0,70,,5413,2,,,0
200,'100010',536,,5420,2,,,0,70,,5429,2,,,0,30,,5421,2,,,0,70,,5430,2,,,0,30,,5422,2,,,0,110,,5423,2,,,0,100,,5424,2,,,0,100,,5425,2,,,0,100,,5426,2,,,0,111,,5427,2,,,0,150,,5428,2,,,0,110,,5445,2,,,0,35,,5438,2,,,0,75,,5446,2,,,0,80,,5439,2,,,0,42,,5440,2,,,0,70,,5447,2,,,0,30,,5441,2,,,0,70,,5448,2,,,0,30,,5442,2,,,0,85,,5449,2,,,0,70,,5443,2,,,0,30,,5450,2,,,0,70,,5444,2,,,0,30,,5451,2,,,0,70,,5452,2,,,0
200,'100011',806,,6825,2,,,0,110,,6826,2,,,0,100,,6827,2,,,0,100,,6828,2,,,0,100,,6829,2,,,0,116,,6830,2,,,0,110,,6831,2,,,0
200,'100012',536,,6833,2,,,0,70,,6842,2,,,0,30,,6834,2,,,0,70,,6843,2,,,0,30,,6835,2,,,0,70,,6844,2,,,0,40,,6836,2,,,0,70,,6845,2,,,0,30,,6837,2,,,0,70,,6846,2,,,0,30,,6838,2,,,0,70,,6847,2,,,0,30,,6839,2,,,0,70,,6848,2,,,0,41,,6840,2,,,0,75,,6849,2,,,0,75,,6841,2,,,0,35,,6850,2,,,0,75,,6858,2,,,0,35,,6851,2,,,0,75,,6859,2,,,0,80,,6852,2,,,0,42,,6853,2,,,0,70,,6860,2,,,0,30,,6854,2,,,0,70,,6861,2,,,0,30,,6855,2,,,0,85,,6862,2,,,0,70,,6856,2,,,0,30,,6863,2,,,0,70,,6857,2,,,0,30,,6864,2,,,0,70,,6865,2,,,0
200,'100036',806,,5431,2,,,0,110,,5432,2,,,0,100,,5433,2,,,0,100,,5434,2,,,0,100,,5435,2,,,0,116,,5436,2,,,0,110,,5437,2,,,0
700,'100000',819,,6165,31,,,0,100,,6166,31,,,0,100,,6167,31,,,0,100,,6168,31,,,0,100,,6169,31,,,0,115,,6170,31,,,0,100,,6171,31,,,0,100,,6172,31,,,0,115,,6173,31,,,0,100,,6174,31,,,0,100,,6175,31,,,0
700,'100009',819,,6120,31,,,0,100,,6121,31,,,0,100,,6122,31,,,0,100,,6123,31,,,0,100,,6124,31,,,0,115,,6125,31,,,0,100,,6126,31,,,0,100,,6127,31,,,0,115,,6128,31,,,0,100,,6129,31,,,0,100,,6130,31,,,0
700,'100010',542,,6131,31,,,0,70,,6141,31,,,0,30,,6132,31,,,0,58,,6159,31,,,0,12,,6142,31,,,0,30,,6133,31,,,0,70,,6143,31,,,0,40,,6152,31,,,0,70,,6134,31,,,0,30,,6153,31,,,0,70,,6135,31,,,0,30,,6160,31,,,0,70,,6136,31,,,0,30,,6161,31,,,0,70,,6137,31,,,0,82,,6162,31,,,0,35,,6138,31,,,0,75,,6144,31,,,0,35,,6139,31,,,0,75,,6145,31,,,0,35,,6140,31,,,0,75,,6146,31,,,0,80,,6147,31,,,0,41,,6154,31,,,0,70,,6148,31,,,0,30,,6155,31,,,0,70,,6149,31,,,0,30,,6156,31,,,0,86,,6150,31,,,0,70,,6157,31,,,0,30,,6151,31,,,0,70,,6158,31,,,0,30,,6163,31,,,0,70,,6164,31,,,0
700,'100012',542,,7083,31,,,0,70,,7093,31,,,0,30,,7084,31,,,0,58,,7111,31,,,0,12,,7094,31,,,0,30,,7085,31,,,0,70,,7095,31,,,0,40,,7104,31,,,0,70,,7086,31,,,0,30,,7105,31,,,0,70,,7087,31,,,0,30,,7112,31,,,0,70,,7088,31,,,0,30,,7113,31,,,0,70,,7089,31,,,0,82,,7114,31,,,0,35,,7090,31,,,0,75,,7096,31,,,0,35,,7091,31,,,0,75,,7097,31,,,0,35,,7092,31,,,0,75,,7098,31,,,0,80,,7099,31,,,0,41,,7106,31,,,0,70,,7100,31,,,0,30,,7107,31,,,0,70,,7101,31,,,0,30,,7108,31,,,0,86,,7102,31,,,0,70,,7109,31,,,0,30,,7103,31,,,0,70,,7110,31,,,0,30,,7115,31,,,0,70,,7116,31,,,0
5000,'100010',745,,6528,33,,,0
5500,'100011',752,,7255,14,,,0
5500,'100036',752,,6542,13,,,0
