300,'100000',801,,5685,5,0,34 2 35 15 7 16,0,100,,5686,5,0,34 2 35 15 7 16,0,100,,5687,5,0,34 2 35 15 7 16,0,100,,5688,5,0,34 2 35 15 7 16,0,100,,5689,5,0,34 2 35 15 7 16,0,115,,5690,5,0,34 2 35 15 7 16,0,100,,5691,5,0,34 2 35 15 7 16,0,100,,5692,5,0,34 2 35 15 7 16,0,100,,5693,5,0,34 2 35 15 7 16,0,115,,5694,5,0,34 2 35 15 7 16,0,100,,5695,5,0,34 2 35 15 7 16,0
300,'100009',801,,5637,5,0,34 2 35 15 7 16,0,100,,5638,5,0,34 2 35 15 7 16,0,100,,5639,5,0,34 2 35 15 7 16,0,100,,5640,5,0,34 2 35 15 7 16,0,100,,5641,5,0,34 2 35 15 7 16,0,115,,5647,5,0,34 2 35 15 7 16,0,100,,5642,5,0,34 2 35 15 7 16,0,100,,5643,5,0,34 2 35 15 7 16,0,100,,5644,5,0,34 2 35 15 7 16,0,115,,5645,5,0,34 2 35 15 7 16,0,100,,5646,5,0,34 2 35 15 7 16,0
300,'100010',525,,5648,5,0,34 2 35 15 7 16,0,30,,5649,5,0,34 2 35 15 7 16,0,55,,5655,5,0,34 2 35 15 7 16,0,15,,5650,5,0,34 2 35 15 7 16,0,30,,5651,5,0,34 2 35 15 7 16,0,70,,5652,5,0,34 2 35 15 7 16,0,30,,5653,5,0,34 2 35 15 7 16,0,50,,5656,5,0,34 2 35 15 7 16,0,20,,5654,5,0,34 2 35 15 7 16,0,80,,5657,5,0,34 2 35 15 7 16,0,30,,5661,5,0,34 2 35 15 7 16,0,70,,5658,5,0,34 2 35 15 7 16,0,30,,5662,5,0,34 2 35 15 7 16,0,70,,5659,5,0,34 2 35 15 7 16,0,30,,5663,5,0,34 2 35 15 7 16,0,71,,5660,5,0,34 2 35 15 7 16,0,30,,5664,5,0,34 2 35 15 7 16,0,83,,5665,5,0,34 2 35 15 7 16,0,35,,5666,5,0,34 2 35 15 7 16,0,75,,5667,5,0,34 2 35 15 7 16,0,1,,5682,5,0,34 2 35 15 7 16,0,13,,5683,5,0,34 2 35 15 7 16,0,61,,5668,5,0,34 2 35 15 7 16,0,35,,5669,5,0,34 2 35 15 7 16,0,5,,5684,5,0,34 2 35 15 7 16,0,70,,5670,5,0,34 2 35 15 7 16,0,35,,5671,5,0,34 2 35 15 7 16,0,80,,5672,5,0,34 2 35 15 7 16,0,79,,5673,5,0,34 2 35 15 7 16,0,30,,5674,5,0,34 2 35 15 7 16,0,70,,5675,5,0,34 2 35 15 7 16,0,30,,5676,5,0,34 2 35 15 7 16,0,70,,5677,5,0,34 2 35 15 7 16,0,45,,5678,5,0,34 2 35 15 7 16,0,70,,5679,5,0,34 2 35 15 7 16,0,30,,5680,5,0,34 2 35 15 7 16,0,70,,5681,5,0,34 2 35 15 7 16,0
300,'100011',525,,6909,5,0,34 2 35 15 7 16,0,30,,6910,5,0,34 2 35 15 7 16,0,55,,6916,5,0,34 2 35 15 7 16,0,15,,6911,5,0,34 2 35 15 7 16,0,30,,6912,5,0,34 2 35 15 7 16,0,70,,6913,5,0,34 2 35 15 7 16,0,30,,6914,5,0,34 2 35 15 7 16,0,50,,6917,5,0,34 2 35 15 7 16,0,20,,6915,5,0,34 2 35 15 7 16,0,80,,6918,5,0,34 2 35 15 7 16,0,30,,6922,5,0,34 2 35 15 7 16,0,70,,6919,5,0,34 2 35 15 7 16,0,30,,6923,5,0,34 2 35 15 7 16,0,70,,6920,5,0,34 2 35 15 7 16,0,30,,6924,5,0,34 2 35 15 7 16,0,71,,6921,5,0,34 2 35 15 7 16,0,30,,6925,5,0,34 2 35 15 7 16,0,83,,6926,5,0,34 2 35 15 7 16,0,35,,6927,5,0,34 2 35 15 7 16,0,75,,6928,5,0,34 2 35 15 7 16,0,1,,6943,5,0,34 2 35 15 7 16,0,13,,6944,5,0,34 2 35 15 7 16,0,61,,6929,5,0,34 2 35 15 7 16,0,35,,6930,5,0,34 2 35 15 7 16,0,5,,6945,5,0,34 2 35 15 7 16,0,70,,6931,5,0,34 2 35 15 7 16,0,35,,6932,5,0,34 2 35 15 7 16,0,80,,6933,5,0,34 2 35 15 7 16,0,79,,6934,5,0,34 2 35 15 7 16,0,30,,6935,5,0,34 2 35 15 7 16,0,70,,6936,5,0,34 2 35 15 7 16,0,30,,6937,5,0,34 2 35 15 7 16,0,70,,6938,5,0,34 2 35 15 7 16,0,45,,6939,5,0,34 2 35 15 7 16,0,70,,6940,5,0,34 2 35 15 7 16,0,30,,6941,5,0,34 2 35 15 7 16,0,70,,6942,5,0,34 2 35 15 7 16,0
800,'100000',741,,6252,21,,,0,100,,6253,21,,,0,100,,6254,21,,,0,100,,6255,21,,,0,100,,6256,21,,,0,115,,6257,21,,,0,100,,6258,21,,,0,100,,6259,21,,,0,100,,6260,21,,,0,155,,6261,21,,,0,100,,6262,21,,,0,100,,6263,21,,,0
800,'100009',741,,6208,21,,,0,100,,6214,21,,,0,100,,6209,21,,,0,100,,6215,21,,,0,100,,6210,21,,,0,115,,6216,21,,,0,100,,6211,21,,,0,100,,6217,21,,,0,100,,6212,21,,,0,155,,6218,21,,,0,100,,6213,21,,,0,100,,6219,21,,,0
800,'100010',605,,6235,21,,,0,30,,6220,21,,,0,70,,6236,21,,,0,30,,6221,21,,,0,70,,6237,21,,,0,40,,7122,21,,,0,69,,7117,21,,,0,30,,7124,21,,,0,70,,7118,21,,,0,30,,7125,21,,,0,70,,7119,21,,,0,30,,7126,21,,,0,70,,7120,21,,,0,41,,7127,21,,,0,75,,7121,21,,,0,75,,7123,21,,,0,35,,6227,21,,,0,75,,6228,21,,,0,35,,6240,21,,,0,75,,6229,21,,,0,80,,6241,21,,,0,43,,6230,21,,,0,70,,6242,21,,,0,30,,6231,21,,,0,70,,6243,21,,,0,30,,6232,21,,,0,85,,6244,21,,,0,70,,6233,21,,,0,30,,6245,21,,,0,70,,6234,21,,,0,28,,6251,21,,,0,28,,6250,21,,,0
800,'100011',605,,7143,21,,,0,30,,7128,21,,,0,70,,7144,21,,,0,30,,7129,21,,,0,70,,7145,21,,,0,40,,7146,21,,,0,69,,7130,21,,,0,30,,7154,21,,,0,70,,7131,21,,,0,30,,7155,21,,,0,70,,7132,21,,,0,30,,7156,21,,,0,70,,7133,21,,,0,41,,7157,21,,,0,75,,7134,21,,,0,75,,7147,21,,,0,35,,7135,21,,,0,75,,7136,21,,,0,35,,7148,21,,,0,75,,7137,21,,,0,80,,7149,21,,,0,43,,7138,21,,,0,70,,7150,21,,,0,30,,7139,21,,,0,70,,7151,21,,,0,30,,7140,21,,,0,85,,7152,21,,,0,70,,7141,21,,,0,30,,7153,21,,,0,70,,7142,21,,,0,28,,7159,21,,,0,28,,7158,21,,,0
5100,'100010',755,,6530,38,4,,0
5101,'100010',1435,,6531,1,,,0
5300,'100010',753,,7253,17,,,0
5301,'100010',1514,,6537,4,,,0
