500,'100000',821,,5981,41,,,0,100,,5982,41,,,0,100,,5983,41,,,0,100,,5984,41,,,0,100,,5985,41,,,0,115,,5986,41,,,0,100,,5987,41,,,0,100,,5988,41,,,0,115,,5989,41,,,0,100,,5990,41,,,0,100,,5991,41,,,0
500,'100009',821,,5938,41,,,0,100,,5944,41,,,0,100,,5939,41,,,0,100,,5945,41,,,0,100,,5940,41,,,0,115,,5946,41,,,0,100,,5941,41,,,0,100,,5947,41,,,0,115,,5942,41,,,0,100,,5948,41,,,0,100,,5943,41,,,0
500,'100010',613,,5949,41,,,0,30,,5965,41,,,0,70,,5950,41,,,0,30,,5966,41,,,0,70,,5951,41,,,0,40,,5952,41,,,0,70,,5974,41,,,0,30,,5953,41,,,0,70,,5977,41,,,0,30,,5954,41,,,0,70,,5976,41,,,0,30,,5955,41,,,0,70,,5978,41,,,0,82,,5956,41,,,0,35,,5975,41,,,0,75,,5957,41,,,0,35,,5967,41,,,0,75,,5958,41,,,0,75,,5968,41,,,0,35,,5959,41,,,0,80,,5960,41,,,0,41,,5969,41,,,0,70,,5961,41,,,0,30,,5970,41,,,0,70,,5962,41,,,0,30,,5971,41,,,0,85,,5963,41,,,0,70,,5972,41,,,0,30,,5964,41,,,0,70,,5973,41,,,0,30,,5979,41,,,0,70,,5980,41,,,0
500,'100011',613,,7016,41,,,0,30,,7032,41,,,0,70,,7017,41,,,0,30,,7033,41,,,0,70,,7018,41,,,0,40,,7019,41,,,0,70,,7041,41,,,0,30,,7020,41,,,0,70,,7044,41,,,0,30,,7021,41,,,0,70,,7043,41,,,0,30,,7022,41,,,0,70,,7045,41,,,0,82,,7023,41,,,0,35,,7042,41,,,0,75,,7024,41,,,0,35,,7034,41,,,0,75,,7025,41,,,0,75,,7035,41,,,0,35,,7026,41,,,0,80,,7027,41,,,0,41,,7036,41,,,0,70,,7028,41,,,0,30,,7037,41,,,0,70,,7029,41,,,0,30,,7038,41,,,0,85,,7030,41,,,0,70,,7039,41,,,0,30,,7031,41,,,0,70,,7040,41,,,0,30,,7046,41,,,0,70,,7047,41,,,0
700,'100000',823,,6165,38,,,0,100,,6166,38,,,0,100,,6167,38,,,0,100,,6168,38,,,0,100,,6169,38,,,0,115,,6170,38,,,0,100,,6171,38,,,0,100,,6172,38,,,0,115,,6173,38,,,0,100,,6174,38,,,0,100,,6175,38,,,0
700,'100009',823,,6120,38,,,0,100,,6121,38,,,0,100,,6122,38,,,0,100,,6123,38,,,0,100,,6124,38,,,0,115,,6125,38,,,0,100,,6126,38,,,0,100,,6127,38,,,0,115,,6128,38,,,0,100,,6129,38,,,0,100,,6130,38,,,0
700,'100010',546,,6131,38,,,0,70,,6141,38,,,0,30,,6132,38,,,0,58,,6159,38,,,0,12,,6142,38,,,0,30,,6133,38,,,0,70,,6143,38,,,0,40,,6152,38,,,0,70,,6134,38,,,0,30,,6153,38,,,0,70,,6135,38,,,0,30,,6160,38,,,0,70,,6136,38,,,0,30,,6161,38,,,0,70,,6137,38,,,0,83,,6162,38,,,0,35,,6138,38,,,0,75,,6144,38,,,0,35,,6139,38,,,0,75,,6145,38,,,0,75,,6140,38,,,0,35,,6146,38,,,0,80,,6147,38,,,0,40,,6154,38,,,0,70,,6148,38,,,0,30,,6155,38,,,0,70,,6149,38,,,0,30,,6156,38,,,0,86,,6150,38,,,0,70,,6157,38,,,0,30,,6151,38,,,0,70,,6158,38,,,0,30,,6163,38,,,0,70,,6164,38,,,0
700,'100011',546,,7083,38,,,0,70,,7093,38,,,0,30,,7084,38,,,0,58,,7111,38,,,0,12,,7094,38,,,0,30,,7085,38,,,0,70,,7095,38,,,0,40,,7104,38,,,0,70,,7086,38,,,0,30,,7105,38,,,0,70,,7087,38,,,0,30,,7112,38,,,0,70,,7088,38,,,0,30,,7113,38,,,0,70,,7089,38,,,0,83,,7114,38,,,0,35,,7090,38,,,0,75,,7096,38,,,0,35,,7091,38,,,0,75,,7097,38,,,0,75,,7092,38,,,0,35,,7098,38,,,0,80,,7099,38,,,0,40,,7106,38,,,0,70,,7100,38,,,0,30,,7107,38,,,0,70,,7101,38,,,0,30,,7108,38,,,0,86,,7102,38,,,0,70,,7109,38,,,0,30,,7103,38,,,0,70,,7110,38,,,0,30,,7115,38,,,0,70,,7116,38,,,0
1000900,'100000',759,,6634,31,,,0,80,,6635,31,,,0,80,,6636,31,,,0,40,,6637,31,,,0,80,,6638,31,,,0,80,,6639,31,,,0,40,,6640,31,,,0,85,,6641,31,,,0,80,,6642,31,,,0,81,,6643,31,,,0,40,,6644,31,,,0,80,,6645,31,,,0,80,,6646,31,,,0,40,,6647,31,,,0,85,,6648,31,,,0,80,,6649,31,,,0,40,,6650,31,,,0,80,,6651,31,,,0
1000900,'100009',759,,6581,31,,,0,80,,6582,31,,,0,80,,6583,31,,,0,40,,6584,31,,,0,80,,6585,31,,,0,80,,6586,31,,,0,40,,6587,31,,,0,85,,6588,31,,,0,80,,6589,31,,,0,81,,6590,31,,,0,40,,6591,31,,,0,80,,6592,31,,,0,80,,6593,31,,,0,40,,6594,31,,,0,85,,6595,31,,,0,80,,6596,31,,,0,40,,6597,31,,,0,80,,6598,31,,,0
1000900,'100010',546,,6609,31,,,0,70,,7261,31,,,0,30,,6611,31,,,0,70,,6612,31,,,0,30,,7262,31,,,0,70,,6614,31,,,0,22,,6615,31,,,0,68,,7263,31,,,0,35,,6617,31,,,0,60,,6618,31,,,0,30,,7264,31,,,0,70,,6620,31,,,0,30,,6621,31,,,0,70,,7265,31,,,0,30,,6623,31,,,0,70,,6624,31,,,0,30,,7266,31,,,0,70,,6626,31,,,0,33,,6627,31,,,0,82,,7267,31,,,0,22,,6629,31,,,0,64,,6630,31,,,0,32,,7268,31,,,0,70,,6632,31,,,0,18,,6633,31,,,0,85,,7260,31,,,0,30,,6603,31,,,0,70,,6606,31,,,0,30,,7259,31,,,0,67,,6601,31,,,0,44,,6607,31,,,0,85,,6605,31,,,0,75,,6604,31,,,0,35,,6608,31,,,0,75,,6600,31,,,0
1000900,'100011',546,,7279,31,,,0,70,,7280,31,,,0,30,,7281,31,,,0,70,,7282,31,,,0,30,,7283,31,,,0,70,,7284,31,,,0,22,,7285,31,,,0,68,,7286,31,,,0,35,,7287,31,,,0,60,,7288,31,,,0,30,,7289,31,,,0,70,,7290,31,,,0,30,,7291,31,,,0,70,,7292,31,,,0,30,,7293,31,,,0,70,,7294,31,,,0,30,,7295,31,,,0,70,,7296,31,,,0,33,,7297,31,,,0,70,,7298,31,,,0,34,,7299,31,,,0,64,,7300,31,,,0,32,,7301,31,,,0,70,,7302,31,,,0,18,,7303,31,,,0,85,,7272,31,,,0,30,,7273,31,,,0,70,,7276,31,,,0,30,,7269,31,,,0,67,,7271,31,,,0,44,,7277,31,,,0,85,,7275,31,,,0,75,,7274,31,,,0,35,,7278,31,,,0,75,,7270,31,,,0
2000900,'100000',821,,6739,29,,,0,80,,6740,29,,,0,40,,6741,29,,,0,80,,6742,29,,,0,80,,6743,29,,,0,40,,6744,29,,,0,79,,6745,29,,,0,80,,6746,29,,,0,45,,6747,29,,,0,80,,6748,29,,,0,81,,6749,29,,,0,40,,6750,29,,,0,85,,6751,29,,,0,80,,6752,29,,,0,40,,6753,29,,,0,80,,6754,29,,,0,80,,6755,29,,,0
2000900,'100009',821,,6687,29,,,0,80,,6688,29,,,0,40,,6689,29,,,0,80,,6690,29,,,0,80,,6691,29,,,0,40,,6692,29,,,0,79,,6693,29,,,0,80,,6694,29,,,0,45,,6695,29,,,0,80,,6696,29,,,0,81,,6697,29,,,0,40,,6698,29,,,0,85,,6699,29,,,0,80,,6700,29,,,0,40,,6701,29,,,0,80,,6702,29,,,0,80,,6703,29,,,0
2000900,'100010',611,,6704,29,,,0,20,,6705,29,,,0,70,,7304,29,,,0,30,,6707,29,,,0,70,,6708,29,,,0,20,,7305,29,,,0,80,,6710,29,,,0,22,,6735,29,,,0,28,,7306,29,,,0,70,,6712,29,,,0,20,,6713,29,,,0,70,,7307,29,,,0,30,,6715,29,,,0,70,,6716,29,,,0,30,,7308,29,,,0,70,,6718,29,,,0,30,,6719,29,,,0,70,,7309,29,,,0,32,,6721,29,,,0,71,,6722,29,,,0,41,,7310,29,,,0,63,,6724,29,,,0,24,,6725,29,,,0,72,,7311,29,,,0,38,,6727,29,,,0,70,,6728,29,,,0,30,,7312,29,,,0,70,,6730,29,,,0,30,,6731,29,,,0,65,,7313,29,,,0,32,,6733,29,,,0,74,,6734,29,,,0,85,,6736,29,,,0,35,,6737,29,,,0,76,,6738,29,,,0
2000900,'100011',611,,7314,29,,,0,20,,7315,29,,,0,70,,7316,29,,,0,30,,7317,29,,,0,70,,7318,29,,,0,20,,7319,29,,,0,80,,7320,29,,,0,22,,7345,29,,,0,28,,7321,29,,,0,70,,7322,29,,,0,20,,7323,29,,,0,70,,7324,29,,,0,30,,7325,29,,,0,70,,7326,29,,,0,30,,7327,29,,,0,70,,7328,29,,,0,30,,7329,29,,,0,70,,7330,29,,,0,32,,7331,29,,,0,71,,7332,29,,,0,41,,7333,29,,,0,63,,7334,29,,,0,24,,7335,29,,,0,72,,7336,29,,,0,38,,7337,29,,,0,70,,7338,29,,,0,30,,7339,29,,,0,70,,7340,29,,,0,30,,7341,29,,,0,65,,7342,29,,,0,32,,7343,29,,,0,74,,7344,29,,,0,85,,7346,29,,,0,35,,7347,29,,,0,76,,7348,29,,,0
