101,'100000',805,,5348,4,0,37 38 2 35 39 40,0,100,,5349,4,0,37 38 2 35 39 40,0,100,,5350,4,0,37 38 2 35 39 40,0,100,,5351,4,0,37 38 2 35 39 40,0,100,,5352,4,0,37 38 2 35 39 40,0,100,,5353,4,0,37 38 2 35 39 40,0,100,,5354,4,0,37 38 2 35 39 40,0,100,,5355,4,0,37 38 2 35 39 40,0,100,,5356,4,0,37 38 2 35 39 40,0,100,,5357,4,0,37 38 2 35 39 40,0,100,,5358,4,0,37 38 2 35 39 40,0,100,,5359,4,0,37 38 2 35 39 40,0
101,'100009',735,,5312,4,0,37 38 2 35 39 40,0,70,,5289,4,0,37 38 2 35 39 40,0,30,,5301,4,0,37 38 2 35 39 40,0,70,,5290,4,0,37 38 2 35 39 40,0,30,,5302,4,0,37 38 2 35 39 40,0,70,,5291,4,0,37 38 2 35 39 40,0,30,,5303,4,0,37 38 2 35 39 40,0,70,,5292,4,0,37 38 2 35 39 40,0,30,,5304,4,0,37 38 2 35 39 40,0,70,,5293,4,0,37 38 2 35 39 40,0,30,,5305,4,0,37 38 2 35 39 40,0,70,,5295,4,0,37 38 2 35 39 40,0,30,,5306,4,0,37 38 2 35 39 40,0,70,,5294,4,0,37 38 2 35 39 40,0,30,,5307,4,0,37 38 2 35 39 40,0,70,,5297,4,0,37 38 2 35 39 40,0,30,,5308,4,0,37 38 2 35 39 40,0,70,,5296,4,0,37 38 2 35 39 40,0,30,,5309,4,0,37 38 2 35 39 40,0,70,,5298,4,0,37 38 2 35 39 40,0,30,,5310,4,0,37 38 2 35 39 40,0,70,,5299,4,0,37 38 2 35 39 40,0,30,,5311,4,0,37 38 2 35 39 40,0,70,,5300,4,0,37 38 2 35 39 40,0
101,'100010',527,,5314,4,0,37 38 2 35 39 40,0,30,,5318,4,0,37 38 2 35 39 40,0,70,,5317,4,0,37 38 2 35 39 40,0,30,,5319,4,0,37 38 2 35 39 40,0,70,,5316,4,0,37 38 2 35 39 40,0,30,,5320,4,0,37 38 2 35 39 40,0,80,,5313,4,0,37 38 2 35 39 40,0,70,,5321,4,0,37 38 2 35 39 40,0,30,,5315,4,0,37 38 2 35 39 40,0,70,,5322,4,0,37 38 2 35 39 40,0,30,,5333,4,0,37 38 2 35 39 40,0,70,,5323,4,0,37 38 2 35 39 40,0,30,,5334,4,0,37 38 2 35 39 40,0,70,,5324,4,0,37 38 2 35 39 40,0,30,,5335,4,0,37 38 2 35 39 40,0,70,,5325,4,0,37 38 2 35 39 40,0,30,,5326,4,0,37 38 2 35 39 40,0,70,,5343,4,0,37 38 2 35 39 40,0,30,,5327,4,0,37 38 2 35 39 40,0,78,,5342,4,0,37 38 2 35 39 40,0,30,,5328,4,0,37 38 2 35 39 40,0,70,,5341,4,0,37 38 2 35 39 40,0,30,,5329,4,0,37 38 2 35 39 40,0,70,,5340,4,0,37 38 2 35 39 40,0,30,,5330,4,0,37 38 2 35 39 40,0,70,,5339,4,0,37 38 2 35 39 40,0,30,,5331,4,0,37 38 2 35 39 40,0,70,,5338,4,0,37 38 2 35 39 40,0,40,,5332,4,0,37 38 2 35 39 40,0,70,,5337,4,0,37 38 2 35 39 40,0,30,,5336,4,0,37 38 2 35 39 40,0,70,,5344,4,0,37 38 2 35 39 40,0,30,,5345,4,0,37 38 2 35 39 40,0,69,,5347,4,0,37 38 2 35 39 40,0,30,,5346,4,0,37 38 2 35 39 40,0
101,'100011',527,,6791,4,0,37 38 2 35 39 40,0,30,,6795,4,0,37 38 2 35 39 40,0,70,,6794,4,0,37 38 2 35 39 40,0,30,,6796,4,0,37 38 2 35 39 40,0,70,,6793,4,0,37 38 2 35 39 40,0,30,,6797,4,0,37 38 2 35 39 40,0,80,,6790,4,0,37 38 2 35 39 40,0,70,,6798,4,0,37 38 2 35 39 40,0,30,,6792,4,0,37 38 2 35 39 40,0,70,,6799,4,0,37 38 2 35 39 40,0,30,,6810,4,0,37 38 2 35 39 40,0,70,,6800,4,0,37 38 2 35 39 40,0,30,,6811,4,0,37 38 2 35 39 40,0,70,,6801,4,0,37 38 2 35 39 40,0,30,,6812,4,0,37 38 2 35 39 40,0,70,,6802,4,0,37 38 2 35 39 40,0,30,,6803,4,0,37 38 2 35 39 40,0,70,,6820,4,0,37 38 2 35 39 40,0,30,,6804,4,0,37 38 2 35 39 40,0,78,,6819,4,0,37 38 2 35 39 40,0,30,,6805,4,0,37 38 2 35 39 40,0,70,,6818,4,0,37 38 2 35 39 40,0,30,,6806,4,0,37 38 2 35 39 40,0,70,,6817,4,0,37 38 2 35 39 40,0,30,,6807,4,0,37 38 2 35 39 40,0,70,,6816,4,0,37 38 2 35 39 40,0,30,,6808,4,0,37 38 2 35 39 40,0,70,,6815,4,0,37 38 2 35 39 40,0,40,,6809,4,0,37 38 2 35 39 40,0,70,,6814,4,0,37 38 2 35 39 40,0,30,,6813,4,0,37 38 2 35 39 40,0,70,,6821,4,0,37 38 2 35 39 40,0,30,,6822,4,0,37 38 2 35 39 40,0,69,,6824,4,0,37 38 2 35 39 40,0,30,,6823,4,0,37 38 2 35 39 40,0
201,'100000',805,,5575,21,,,0,30,,5576,21,,,0,70,,5577,21,,,0,30,,5578,21,,,0,70,,5579,21,,,0,30,,5580,21,,,0,70,,5581,21,,,0,30,,5582,21,,,0,70,,5583,21,,,0,45,,5597,4,,,0,70,,5585,21,,,0,30,,5586,21,,,0,70,,5587,21,,,0,30,,5588,21,,,0,70,,5589,21,,,0,30,,5590,21,,,0,85,,5598,4,,,0,70,,5592,21,,,0,30,,5593,21,,,0,70,,5594,21,,,0,30,,5595,21,,,0,70,,5596,21,,,0,30,,5591,21,,,0
201,'100009',805,,5520,21,,,0,30,,5524,21,,,0,70,,5521,21,,,0,30,,5533,21,,,0,70,,5523,21,,,0,30,,5522,21,,,0,70,,5525,21,,,0,30,,5526,21,,,0,70,,5515,21,,,0,45,,5539,4,,,0,70,,5528,21,,,0,30,,5529,21,,,0,70,,5530,21,,,0,30,,5531,21,,,0,70,,5532,21,,,0,30,,5535,21,,,0,85,,5537,4,,,0,70,,5534,21,,,0,30,,5516,21,,,0,70,,5519,21,,,0,30,,5518,21,,,0,70,,5517,21,,,0,30,,5527,21,,,0
201,'100010',527,,5570,4,,,0,30,,5573,21,,,0,70,,5540,21,,,0,30,,5548,21,,,0,70,,5541,21,,,0,30,,5549,21,,,0,80,,5542,21,,,0,70,,6867,21,,,0,30,,5543,21,,,0,70,,6868,21,,,0,30,,5544,21,,,0,70,,6869,21,,,0,30,,5545,21,,,0,70,,6870,21,,,0,38,,5574,4,,,0,75,,6873,21,,,0,35,,5547,21,,,0,75,,6871,21,,,0,75,,5561,21,,,0,35,,6872,21,,,0,75,,5562,21,,,0,40,,5556,21,,,0,85,,5572,21,,,0,70,,5563,21,,,0,30,,5557,21,,,0,70,,5564,21,,,0,30,,5558,21,,,0,85,,5565,21,,,0,30,,5559,21,,,0,70,,5566,21,,,0,30,,5560,21,,,0,70,,5567,21,,,0,30,,5568,21,,,0,71,,5569,21,,,0
201,'100011',527,,6904,4,,,0,30,,6907,21,,,0,70,,6874,21,,,0,30,,6882,21,,,0,70,,6875,21,,,0,30,,6883,21,,,0,80,,6876,21,,,0,70,,6884,21,,,0,30,,6877,21,,,0,70,,6885,21,,,0,30,,6878,21,,,0,70,,6886,21,,,0,30,,6879,21,,,0,70,,6887,21,,,0,38,,6908,4,,,0,75,,6905,21,,,0,35,,6881,21,,,0,75,,6888,21,,,0,75,,6895,21,,,0,35,,6889,21,,,0,75,,6896,21,,,0,40,,6890,21,,,0,85,,6906,21,,,0,70,,6897,21,,,0,30,,6891,21,,,0,70,,6898,21,,,0,30,,6892,21,,,0,85,,6899,21,,,0,30,,6893,21,,,0,70,,6900,21,,,0,30,,6894,21,,,0,70,,6901,21,,,0,30,,6902,21,,,0,71,,6903,21,,,0
600,'100000',733,,6081,4,,,0,100,,6082,4,,,0,100,,6083,4,,,0,100,,6084,4,,,0,100,,6085,4,,,0,115,,6077,4,,,0,100,,6076,4,,,0,100,,6075,4,,,0,100,,6074,4,,,0,155,,6079,4,,,0,100,,6078,4,,,0,100,,6080,4,,,0
600,'100009',733,,6035,4,,,0,100,,6036,4,,,0,100,,6038,4,,,0,100,,6027,4,,,0,100,,6037,4,,,0,115,,6031,4,,,0,100,,6028,4,,,0,100,,6032,4,,,0,100,,6029,4,,,0,155,,6033,4,,,0,100,,6030,4,,,0,100,,6034,4,,,0
600,'100010',525,,6049,4,,,0,30,,6039,4,,,0,58,,6067,4,,,0,12,,6050,4,,,0,30,,6040,4,,,0,58,,6068,4,,,0,12,,6051,4,,,0,30,,6041,4,,,0,80,,6042,4,,,0,70,,6059,4,,,0,30,,6043,4,,,0,70,,6060,4,,,0,30,,6044,4,,,0,70,,6069,4,,,0,30,,6045,4,,,0,70,,6070,4,,,0,39,,6046,4,,,0,75,,6071,4,,,0,35,,6047,4,,,0,75,,6052,4,,,0,75,,6048,4,,,0,35,,6061,4,,,0,75,,6053,4,,,0,40,,6062,4,,,0,84,,6054,4,,,0,70,,6063,4,,,0,30,,6055,4,,,0,70,,6064,4,,,0,30,,6056,4,,,0,85,,6065,4,,,0,30,,6057,4,,,0,70,,6066,4,,,0,30,,6058,4,,,0,70,,6073,4,,,0,30,,6072,4,,,0
600,'100011',525,,7058,4,,,0,30,,7048,4,,,0,58,,7076,4,,,0,12,,7059,4,,,0,30,,7049,4,,,0,58,,7077,4,,,0,12,,7060,4,,,0,30,,7050,4,,,0,80,,7051,4,,,0,70,,7068,4,,,0,30,,7052,4,,,0,70,,7069,4,,,0,30,,7053,4,,,0,70,,7078,4,,,0,30,,7054,4,,,0,70,,7079,4,,,0,39,,7055,4,,,0,75,,7080,4,,,0,35,,7056,4,,,0,75,,7061,4,,,0,75,,7057,4,,,0,35,,7070,4,,,0,75,,7062,4,,,0,40,,7071,4,,,0,84,,7063,4,,,0,70,,7072,4,,,0,30,,7064,4,,,0,70,,7073,4,,,0,30,,7065,4,,,0,85,,7074,4,,,0,30,,7066,4,,,0,70,,7075,4,,,0,30,,7067,4,,,0,70,,7082,4,,,0,30,,7081,4,,,0
