1000900,'100000',752,,6634,23,,,0,80,,6635,23,,,0,80,,6636,23,,,0,40,,6637,23,,,0,80,,6638,23,,,0,80,,6639,23,,,0,40,,6640,23,,,0,85,,6641,23,,,0,80,,6642,23,,,0,41,,6643,23,,,0,80,,6644,23,,,0,80,,6645,23,,,0,40,,6646,23,,,0,80,,6647,23,,,0,85,,6648,23,,,0,80,,6649,23,,,0,40,,6650,23,,,0,80,,6651,23,,,0
1000900,'100009',752,,6581,23,,,0,80,,6582,23,,,0,80,,6583,23,,,0,40,,6584,23,,,0,80,,6585,23,,,0,80,,6586,23,,,0,40,,6587,23,,,0,85,,6588,23,,,0,80,,6589,23,,,0,41,,6590,23,,,0,80,,6591,23,,,0,80,,6592,23,,,0,40,,6593,23,,,0,80,,6594,23,,,0,85,,6595,23,,,0,80,,6596,23,,,0,40,,6597,23,,,0,80,,6598,23,,,0
1000900,'100010',538,,6609,23,,,0,100,,6611,23,,,0,70,,6612,23,,,0,100,,6614,23,,,0,22,,6615,23,,,0,103,,6617,23,,,0,20,,6618,23,,,0,100,,6620,23,,,0,70,,6621,23,,,0,100,,6623,23,,,0,30,,6624,23,,,0,100,,6626,23,,,0,73,,6627,23,,,0,104,,6629,23,,,0,24,,6630,23,,,0,102,,6632,23,,,0,58,,6633,23,,,0,115,,6603,23,,,0,30,,6606,23,,,0,98,,6601,23,,,0,83,,6607,23,,,0,85,,6605,23,,,0,75,,6604,23,,,0,35,,6608,23,,,0,75,,6600,23,,,0
1000900,'100011',608,,7261,23,,,0,130,,7262,23,,,0,120,,7263,23,,,0,165,,7264,23,,,0,130,,7265,23,,,0,170,,7266,23,,,0,185,,7267,23,,,0,118,,7268,23,,,0,133,,7260,23,,,0,170,,7259,23,,,0
1000900,'100012',538,,7279,23,,,0,70,,7280,23,,,0,30,,7281,23,,,0,70,,7282,23,,,0,30,,7283,23,,,0,70,,7284,23,,,0,22,,7285,23,,,0,28,,7286,23,,,0,75,,7287,23,,,0,20,,7288,23,,,0,70,,7289,23,,,0,30,,7290,23,,,0,70,,7291,23,,,0,30,,7292,23,,,0,70,,7293,23,,,0,30,,7294,23,,,0,70,,7295,23,,,0,30,,7296,23,,,0,73,,7297,23,,,0,30,,7298,23,,,0,74,,7299,23,,,0,24,,7300,23,,,0,72,,7301,23,,,0,30,,7302,23,,,0,58,,7303,23,,,0,45,,7272,23,,,0,70,,7273,23,,,0,30,,7276,23,,,0,70,,7269,23,,,0,28,,7271,23,,,0,83,,7277,23,,,0,85,,7275,23,,,0,75,,7274,23,,,0,35,,7278,23,,,0,75,,7270,23,,,0
1000900,'100036',608,,6610,23,,,0,130,,6613,23,,,0,120,,6616,23,,,0,165,,6619,23,,,0,130,,6622,23,,,0,170,,6625,23,,,0,133,,6628,23,,,0,170,,6631,23,,,0,133,,6602,23,,,0,170,,6599,23,,,0
2000900,'100000',814,,6739,21,,,0,40,,6740,21,,,0,80,,6741,21,,,0,80,,6742,21,,,0,40,,6743,21,,,0,80,,6744,21,,,0,79,,6745,21,,,0,40,,6746,21,,,0,85,,6747,21,,,0,80,,6748,21,,,0,41,,6749,21,,,0,80,,6750,21,,,0,85,,6751,21,,,0,80,,6752,21,,,0,40,,6753,21,,,0,80,,6754,21,,,0,80,,6755,21,,,0
2000900,'100009',814,,6687,21,,,0,40,,6688,21,,,0,80,,6689,21,,,0,80,,6690,21,,,0,40,,6691,21,,,0,80,,6692,21,,,0,79,,6693,21,,,0,40,,6694,21,,,0,85,,6695,21,,,0,80,,6696,21,,,0,41,,6697,21,,,0,80,,6698,21,,,0,85,,6699,21,,,0,80,,6700,21,,,0,40,,6701,21,,,0,80,,6702,21,,,0,80,,6703,21,,,0
2000900,'100010',604,,6704,21,,,0,20,,6705,21,,,0,100,,6707,21,,,0,30,,6708,21,,,0,100,,6710,21,,,0,62,,6735,21,,,0,98,,6712,21,,,0,20,,6713,21,,,0,100,,6715,21,,,0,70,,6716,21,,,0,100,,6718,21,,,0,30,,6719,21,,,0,102,,6721,21,,,0,71,,6722,21,,,0,104,,6724,21,,,0,24,,6725,21,,,0,110,,6727,21,,,0,70,,6728,21,,,0,100,,6730,21,,,0,30,,6731,21,,,0,97,,6733,21,,,0,74,,6734,21,,,0,85,,6736,21,,,0,35,,6737,21,,,0,76,,6738,21,,,0
2000900,'100011',654,,7304,21,,,0,160,,7305,21,,,0,130,,7306,21,,,0,160,,7307,21,,,0,130,,7308,21,,,0,170,,7309,21,,,0,144,,7310,21,,,0,159,,7311,21,,,0,138,,7312,21,,,0,165,,7313,21,,,0
2000900,'100012',604,,7314,21,,,0,20,,7315,21,,,0,30,,7316,21,,,0,70,,7317,21,,,0,30,,7318,21,,,0,60,,7319,21,,,0,40,,7320,21,,,0,62,,7345,21,,,0,28,,7321,21,,,0,70,,7322,21,,,0,20,,7323,21,,,0,70,,7324,21,,,0,30,,7325,21,,,0,70,,7326,21,,,0,30,,7327,21,,,0,70,,7328,21,,,0,30,,7329,21,,,0,70,,7330,21,,,0,32,,7331,21,,,0,71,,7332,21,,,0,41,,7333,21,,,0,63,,7334,21,,,0,24,,7335,21,,,0,72,,7336,21,,,0,38,,7337,21,,,0,70,,7338,21,,,0,30,,7339,21,,,0,70,,7340,21,,,0,30,,7341,21,,,0,65,,7342,21,,,0,32,,7343,21,,,0,74,,7344,21,,,0,85,,7346,21,,,0,35,,7347,21,,,0,76,,7348,21,,,0
2000900,'100036',654,,6706,21,,,0,160,,6709,21,,,0,130,,6711,21,,,0,160,,6714,21,,,0,130,,6717,21,,,0,170,,6720,21,,,0,133,,6723,21,,,0,170,,6726,21,,,0,138,,6729,21,,,0,165,,6732,21,,,0
