500,'100000',820,,5981,39,,,0,100,,5982,39,,,0,100,,5983,39,,,0,100,,5984,39,,,0,100,,5985,39,,,0,115,,5986,39,,,0,100,,5987,39,,,0,100,,5988,39,,,0,115,,5989,39,,,0,100,,5990,39,,,0,100,,5991,39,,,0
500,'100009',820,,5938,39,,,0,100,,5944,39,,,0,100,,5939,39,,,0,100,,5945,39,,,0,100,,5940,39,,,0,115,,5946,39,,,0,100,,5941,39,,,0,100,,5947,39,,,0,115,,5942,39,,,0,100,,5948,39,,,0,100,,5943,39,,,0
500,'100010',612,,5949,39,,,0,30,,5965,39,,,0,70,,5950,39,,,0,30,,5966,39,,,0,70,,5951,39,,,0,40,,5952,39,,,0,70,,5974,39,,,0,30,,5953,39,,,0,70,,5977,39,,,0,30,,5954,39,,,0,70,,5976,39,,,0,30,,5955,39,,,0,70,,5978,39,,,0,82,,5956,39,,,0,35,,5975,39,,,0,75,,5957,39,,,0,35,,5967,39,,,0,75,,5958,39,,,0,35,,5968,39,,,0,75,,5959,39,,,0,80,,5960,39,,,0,41,,5969,39,,,0,70,,5961,39,,,0,30,,5970,39,,,0,70,,5962,39,,,0,30,,5971,39,,,0,85,,5963,39,,,0,70,,5972,39,,,0,30,,5964,39,,,0,70,,5973,39,,,0,30,,5979,39,,,0,70,,5980,39,,,0
500,'100012',612,,7016,39,,,0,30,,7032,39,,,0,70,,7017,39,,,0,30,,7033,39,,,0,70,,7018,39,,,0,40,,7019,39,,,0,70,,7041,39,,,0,30,,7020,39,,,0,70,,7044,39,,,0,30,,7021,39,,,0,70,,7043,39,,,0,30,,7022,39,,,0,70,,7045,39,,,0,82,,7023,39,,,0,35,,7042,39,,,0,75,,7024,39,,,0,35,,7034,39,,,0,75,,7025,39,,,0,35,,7035,39,,,0,75,,7026,39,,,0,80,,7027,39,,,0,41,,7036,39,,,0,70,,7028,39,,,0,30,,7037,39,,,0,70,,7029,39,,,0,30,,7038,39,,,0,85,,7030,39,,,0,70,,7039,39,,,0,30,,7031,39,,,0,70,,7040,39,,,0,30,,7046,39,,,0,70,,7047,39,,,0
700,'100000',822,,6165,36,,,0,100,,6166,36,,,0,100,,6167,36,,,0,100,,6168,36,,,0,100,,6169,36,,,0,115,,6170,36,,,0,100,,6171,36,,,0,100,,6172,36,,,0,115,,6173,36,,,0,100,,6174,36,,,0,100,,6175,36,,,0
700,'100009',822,,6120,36,,,0,100,,6121,36,,,0,100,,6122,36,,,0,100,,6123,36,,,0,100,,6124,36,,,0,115,,6125,36,,,0,100,,6126,36,,,0,100,,6127,36,,,0,115,,6128,36,,,0,100,,6129,36,,,0,100,,6130,36,,,0
700,'100010',545,,6131,36,,,0,70,,6141,36,,,0,30,,6132,36,,,0,58,,6159,36,,,0,12,,6142,36,,,0,30,,6133,36,,,0,70,,6143,36,,,0,40,,6152,36,,,0,70,,6134,36,,,0,30,,6153,36,,,0,70,,6135,36,,,0,30,,6160,36,,,0,70,,6136,36,,,0,30,,6161,36,,,0,70,,6137,36,,,0,83,,6162,36,,,0,35,,6138,36,,,0,75,,6144,36,,,0,35,,6139,36,,,0,75,,6145,36,,,0,75,,6140,36,,,0,35,,6146,36,,,0,80,,6147,36,,,0,40,,6154,36,,,0,70,,6148,36,,,0,30,,6155,36,,,0,70,,6149,36,,,0,30,,6156,36,,,0,86,,6150,36,,,0,70,,6157,36,,,0,30,,6151,36,,,0,70,,6158,36,,,0,30,,6163,36,,,0,70,,6164,36,,,0
700,'100012',545,,7083,36,,,0,70,,7093,36,,,0,30,,7084,36,,,0,58,,7111,36,,,0,12,,7094,36,,,0,30,,7085,36,,,0,70,,7095,36,,,0,40,,7104,36,,,0,70,,7086,36,,,0,30,,7105,36,,,0,70,,7087,36,,,0,30,,7112,36,,,0,70,,7088,36,,,0,30,,7113,36,,,0,70,,7089,36,,,0,83,,7114,36,,,0,35,,7090,36,,,0,75,,7096,36,,,0,35,,7091,36,,,0,75,,7097,36,,,0,75,,7092,36,,,0,35,,7098,36,,,0,80,,7099,36,,,0,40,,7106,36,,,0,70,,7100,36,,,0,30,,7107,36,,,0,70,,7101,36,,,0,30,,7108,36,,,0,86,,7102,36,,,0,70,,7109,36,,,0,30,,7103,36,,,0,70,,7110,36,,,0,30,,7115,36,,,0,70,,7116,36,,,0
1000900,'100000',758,,6634,29,,,0,80,,6635,29,,,0,80,,6636,29,,,0,40,,6637,29,,,0,80,,6638,29,,,0,81,,6639,29,,,0,40,,6640,29,,,0,85,,6641,29,,,0,80,,6642,29,,,0,81,,6643,29,,,0,40,,6644,29,,,0,80,,6645,29,,,0,80,,6646,29,,,0,40,,6647,29,,,0,85,,6648,29,,,0,80,,6649,29,,,0,40,,6650,29,,,0,80,,6651,29,,,0
1000900,'100009',758,,6581,29,,,0,80,,6582,29,,,0,80,,6583,29,,,0,40,,6584,29,,,0,80,,6585,29,,,0,81,,6586,29,,,0,40,,6587,29,,,0,85,,6588,29,,,0,80,,6589,29,,,0,81,,6590,29,,,0,40,,6591,29,,,0,80,,6592,29,,,0,80,,6593,29,,,0,40,,6594,29,,,0,85,,6595,29,,,0,80,,6596,29,,,0,40,,6597,29,,,0,80,,6598,29,,,0
1000900,'100010',545,,6609,29,,,0,100,,6611,29,,,0,70,,6612,29,,,0,100,,6614,29,,,0,22,,6615,29,,,0,103,,6617,29,,,0,60,,6618,29,,,0,100,,6620,29,,,0,30,,6621,29,,,0,100,,6623,29,,,0,70,,6624,29,,,0,100,,6626,29,,,0,34,,6627,29,,,0,104,,6629,29,,,0,64,,6630,29,,,0,102,,6632,29,,,0,18,,6633,29,,,0,115,,6603,29,,,0,70,,6606,29,,,0,97,,6601,29,,,0,43,,6607,29,,,0,85,,6605,29,,,0,75,,6604,29,,,0,35,,6608,29,,,0,75,,6600,29,,,0
1000900,'100011',615,,7261,29,,,0,130,,7262,29,,,0,160,,7263,29,,,0,125,,7264,29,,,0,170,,7265,29,,,0,130,,7266,29,,,0,186,,7267,29,,,0,118,,7268,29,,,0,173,,7260,29,,,0,130,,7259,29,,,0
1000900,'100012',545,,7279,29,,,0,70,,7280,29,,,0,30,,7281,29,,,0,70,,7282,29,,,0,30,,7283,29,,,0,70,,7284,29,,,0,22,,7285,29,,,0,68,,7286,29,,,0,35,,7287,29,,,0,60,,7288,29,,,0,30,,7289,29,,,0,70,,7290,29,,,0,30,,7291,29,,,0,70,,7292,29,,,0,30,,7293,29,,,0,70,,7294,29,,,0,30,,7295,29,,,0,70,,7296,29,,,0,34,,7297,29,,,0,70,,7298,29,,,0,34,,7299,29,,,0,64,,7300,29,,,0,32,,7301,29,,,0,70,,7302,29,,,0,18,,7303,29,,,0,85,,7272,29,,,0,30,,7273,29,,,0,70,,7276,29,,,0,30,,7269,29,,,0,67,,7271,29,,,0,43,,7277,29,,,0,85,,7275,29,,,0,75,,7274,29,,,0,35,,7278,29,,,0,75,,7270,29,,,0
1000900,'100036',615,,6610,29,,,0,130,,6613,29,,,0,160,,6616,29,,,0,125,,6619,29,,,0,170,,6622,29,,,0,130,,6625,29,,,0,174,,6628,29,,,0,130,,6631,29,,,0,173,,6602,29,,,0,130,,6599,29,,,0
2000900,'100000',820,,6739,27,,,0,80,,6740,27,,,0,40,,6741,27,,,0,80,,6742,27,,,0,80,,6743,27,,,0,40,,6744,27,,,0,80,,6745,27,,,0,80,,6746,27,,,0,45,,6747,27,,,0,80,,6748,27,,,0,81,,6749,27,,,0,40,,6750,27,,,0,85,,6751,27,,,0,80,,6752,27,,,0,40,,6753,27,,,0,80,,6754,27,,,0,80,,6755,27,,,0
2000900,'100009',820,,6687,27,,,0,80,,6688,27,,,0,40,,6689,27,,,0,80,,6690,27,,,0,80,,6691,27,,,0,40,,6692,27,,,0,80,,6693,27,,,0,80,,6694,27,,,0,45,,6695,27,,,0,80,,6696,27,,,0,81,,6697,27,,,0,40,,6698,27,,,0,85,,6699,27,,,0,80,,6700,27,,,0,40,,6701,27,,,0,80,,6702,27,,,0,80,,6703,27,,,0
2000900,'100010',610,,6704,27,,,0,20,,6705,27,,,0,100,,6707,27,,,0,70,,6708,27,,,0,100,,6710,27,,,0,22,,6735,27,,,0,98,,6712,27,,,0,20,,6713,27,,,0,100,,6715,27,,,0,70,,6716,27,,,0,100,,6718,27,,,0,30,,6719,27,,,0,103,,6721,27,,,0,71,,6722,27,,,0,104,,6724,27,,,0,24,,6725,27,,,0,110,,6727,27,,,0,70,,6728,27,,,0,100,,6730,27,,,0,30,,6731,27,,,0,96,,6733,27,,,0,74,,6734,27,,,0,85,,6736,27,,,0,35,,6737,27,,,0,76,,6738,27,,,0
2000900,'100011',700,,7304,27,,,0,120,,7305,27,,,0,130,,7306,27,,,0,160,,7307,27,,,0,130,,7308,27,,,0,170,,7309,27,,,0,145,,7310,27,,,0,159,,7311,27,,,0,138,,7312,27,,,0,165,,7313,27,,,0
2000900,'100012',610,,7314,27,,,0,20,,7315,27,,,0,70,,7316,27,,,0,30,,7317,27,,,0,70,,7318,27,,,0,20,,7319,27,,,0,80,,7320,27,,,0,22,,7345,27,,,0,28,,7321,27,,,0,70,,7322,27,,,0,20,,7323,27,,,0,70,,7324,27,,,0,30,,7325,27,,,0,70,,7326,27,,,0,30,,7327,27,,,0,70,,7328,27,,,0,30,,7329,27,,,0,70,,7330,27,,,0,33,,7331,27,,,0,71,,7332,27,,,0,41,,7333,27,,,0,63,,7334,27,,,0,24,,7335,27,,,0,72,,7336,27,,,0,38,,7337,27,,,0,70,,7338,27,,,0,30,,7339,27,,,0,70,,7340,27,,,0,30,,7341,27,,,0,65,,7342,27,,,0,31,,7343,27,,,0,74,,7344,27,,,0,85,,7346,27,,,0,35,,7347,27,,,0,76,,7348,27,,,0
2000900,'100036',700,,6706,27,,,0,120,,6709,27,,,0,130,,6711,27,,,0,160,,6714,27,,,0,130,,6717,27,,,0,170,,6720,27,,,0,134,,6723,27,,,0,170,,6726,27,,,0,138,,6729,27,,,0,165,,6732,27,,,0
