201,'100000',805,,5575,22,,,0,30,,5576,22,,,0,70,,5577,22,,,0,30,,5578,22,,,0,70,,5579,22,,,0,30,,5580,22,,,0,70,,5581,22,,,0,30,,5582,22,,,0,70,,5583,22,,,0,45,,5597,5,,,0,70,,5585,22,,,0,30,,5586,22,,,0,70,,5587,22,,,0,30,,5588,22,,,0,70,,5589,22,,,0,30,,5590,22,,,0,85,,5598,5,,,0,70,,5592,22,,,0,30,,5593,22,,,0,70,,5594,22,,,0,30,,5595,22,,,0,70,,5596,22,,,0,30,,5591,22,,,0
201,'100009',805,,5520,22,,,0,30,,5524,22,,,0,70,,5521,22,,,0,30,,5533,22,,,0,70,,5523,22,,,0,30,,5522,22,,,0,70,,5525,22,,,0,30,,5526,22,,,0,70,,5515,22,,,0,45,,5539,5,,,0,70,,5528,22,,,0,30,,5529,22,,,0,70,,5530,22,,,0,30,,5531,22,,,0,70,,5532,22,,,0,30,,5535,22,,,0,85,,5537,5,,,0,70,,5534,22,,,0,30,,5516,22,,,0,70,,5519,22,,,0,30,,5518,22,,,0,70,,5517,22,,,0,30,,5527,22,,,0
201,'100010',527,,5570,5,,,0,30,,5573,22,,,0,70,,5540,22,,,0,30,,5548,22,,,0,70,,5541,22,,,0,30,,5549,22,,,0,80,,5542,22,,,0,100,,5543,22,,,0,100,,5544,22,,,0,100,,5545,22,,,0,108,,5574,5,,,0,110,,5547,22,,,0,150,,5561,22,,,0,110,,5562,22,,,0,40,,5556,22,,,0,85,,5572,22,,,0,70,,5563,22,,,0,30,,5557,22,,,0,70,,5564,22,,,0,30,,5558,22,,,0,85,,5565,22,,,0,30,,5559,22,,,0,70,,5566,22,,,0,30,,5560,22,,,0,70,,5567,22,,,0,30,,5568,22,,,0,71,,5569,22,,,0
201,'100011',907,,6867,22,,,0,100,,6868,22,,,0,100,,6869,22,,,0,100,,6870,22,,,0,113,,6873,22,,,0,110,,6871,22,,,0,110,,6872,22,,,0
201,'100012',527,,6904,5,,,0,30,,6907,22,,,0,70,,6874,22,,,0,30,,6882,22,,,0,70,,6875,22,,,0,30,,6883,22,,,0,80,,6876,22,,,0,70,,6884,22,,,0,30,,6877,22,,,0,70,,6885,22,,,0,30,,6878,22,,,0,70,,6886,22,,,0,30,,6879,22,,,0,70,,6887,22,,,0,38,,6908,5,,,0,75,,6905,22,,,0,35,,6881,22,,,0,75,,6888,22,,,0,75,,6895,22,,,0,35,,6889,22,,,0,75,,6896,22,,,0,40,,6890,22,,,0,85,,6906,22,,,0,70,,6897,22,,,0,30,,6891,22,,,0,70,,6898,22,,,0,30,,6892,22,,,0,85,,6899,22,,,0,30,,6893,22,,,0,70,,6900,22,,,0,30,,6894,22,,,0,70,,6901,22,,,0,30,,6902,22,,,0,71,,6903,22,,,0
201,'100036',907,,5550,22,,,0,100,,5551,22,,,0,100,,5552,22,,,0,100,,5553,22,,,0,113,,5571,22,,,0,110,,5554,22,,,0,110,,5555,22,,,0
600,'100000',734,,6081,5,,,0,100,,6082,5,,,0,100,,6083,5,,,0,100,,6084,5,,,0,100,,6085,5,,,0,115,,6077,5,,,0,100,,6076,5,,,0,100,,6075,5,,,0,100,,6074,5,,,0,155,,6079,5,,,0,100,,6078,5,,,0,100,,6080,5,,,0
600,'100009',734,,6035,5,,,0,100,,6036,5,,,0,100,,6038,5,,,0,100,,6027,5,,,0,100,,6037,5,,,0,115,,6031,5,,,0,100,,6028,5,,,0,100,,6032,5,,,0,100,,6029,5,,,0,155,,6033,5,,,0,100,,6030,5,,,0,100,,6034,5,,,0
600,'100010',526,,6049,5,,,0,30,,6039,5,,,0,58,,6067,5,,,0,12,,6050,5,,,0,30,,6040,5,,,0,58,,6068,5,,,0,12,,6051,5,,,0,30,,6041,5,,,0,80,,6042,5,,,0,70,,6059,5,,,0,30,,6043,5,,,0,70,,6060,5,,,0,30,,6044,5,,,0,70,,6069,5,,,0,30,,6045,5,,,0,70,,6070,5,,,0,38,,6046,5,,,0,75,,6071,5,,,0,35,,6047,5,,,0,75,,6052,5,,,0,75,,6048,5,,,0,35,,6061,5,,,0,75,,6053,5,,,0,40,,6062,5,,,0,85,,6054,5,,,0,70,,6063,5,,,0,30,,6055,5,,,0,70,,6064,5,,,0,30,,6056,5,,,0,85,,6065,5,,,0,30,,6057,5,,,0,70,,6066,5,,,0,30,,6058,5,,,0,70,,6073,5,,,0,30,,6072,5,,,0
600,'100012',526,,7058,5,,,0,30,,7048,5,,,0,58,,7076,5,,,0,12,,7059,5,,,0,30,,7049,5,,,0,58,,7077,5,,,0,12,,7060,5,,,0,30,,7050,5,,,0,80,,7051,5,,,0,70,,7068,5,,,0,30,,7052,5,,,0,70,,7069,5,,,0,30,,7053,5,,,0,70,,7078,5,,,0,30,,7054,5,,,0,70,,7079,5,,,0,38,,7055,5,,,0,75,,7080,5,,,0,35,,7056,5,,,0,75,,7061,5,,,0,75,,7057,5,,,0,35,,7070,5,,,0,75,,7062,5,,,0,40,,7071,5,,,0,85,,7063,5,,,0,70,,7072,5,,,0,30,,7064,5,,,0,70,,7073,5,,,0,30,,7065,5,,,0,85,,7074,5,,,0,30,,7066,5,,,0,70,,7075,5,,,0,30,,7067,5,,,0,70,,7082,5,,,0,30,,7081,5,,,0
