300,'100000',801,,5685,6,0,34 2 35 15 7 16,0,100,,5686,6,0,34 2 35 15 7 16,0,100,,5687,6,0,34 2 35 15 7 16,0,100,,5688,6,0,34 2 35 15 7 16,0,100,,5689,6,0,34 2 35 15 7 16,0,115,,5690,6,0,34 2 35 15 7 16,0,100,,5691,6,0,34 2 35 15 7 16,0,100,,5692,6,0,34 2 35 15 7 16,0,100,,5693,6,0,34 2 35 15 7 16,0,115,,5694,6,0,34 2 35 15 7 16,0,100,,5695,6,0,34 2 35 15 7 16,0
300,'100009',801,,5637,6,0,34 2 35 15 7 16,0,100,,5638,6,0,34 2 35 15 7 16,0,100,,5639,6,0,34 2 35 15 7 16,0,100,,5640,6,0,34 2 35 15 7 16,0,100,,5641,6,0,34 2 35 15 7 16,0,115,,5647,6,0,34 2 35 15 7 16,0,100,,5642,6,0,34 2 35 15 7 16,0,100,,5643,6,0,34 2 35 15 7 16,0,100,,5644,6,0,34 2 35 15 7 16,0,115,,5645,6,0,34 2 35 15 7 16,0,100,,5646,6,0,34 2 35 15 7 16,0
300,'100010',525,,5648,6,0,34 2 35 15 7 16,0,30,,5649,6,0,34 2 35 15 7 16,0,55,,5655,6,0,34 2 35 15 7 16,0,15,,5650,6,0,34 2 35 15 7 16,0,30,,5651,6,0,34 2 35 15 7 16,0,70,,5652,6,0,34 2 35 15 7 16,0,30,,5653,6,0,34 2 35 15 7 16,0,50,,5656,6,0,34 2 35 15 7 16,0,20,,5654,6,0,34 2 35 15 7 16,0,80,,5657,6,0,34 2 35 15 7 16,0,30,,5661,6,0,34 2 35 15 7 16,0,70,,5658,6,0,34 2 35 15 7 16,0,30,,5662,6,0,34 2 35 15 7 16,0,70,,5659,6,0,34 2 35 15 7 16,0,30,,5663,6,0,34 2 35 15 7 16,0,71,,5660,6,0,34 2 35 15 7 16,0,30,,5664,6,0,34 2 35 15 7 16,0,83,,5665,6,0,34 2 35 15 7 16,0,35,,5666,6,0,34 2 35 15 7 16,0,75,,5667,6,0,34 2 35 15 7 16,0,1,,5682,6,0,34 2 35 15 7 16,0,13,,5683,6,0,34 2 35 15 7 16,0,61,,5668,6,0,34 2 35 15 7 16,0,35,,5669,6,0,34 2 35 15 7 16,0,5,,5684,6,0,34 2 35 15 7 16,0,70,,5670,6,0,34 2 35 15 7 16,0,35,,5671,6,0,34 2 35 15 7 16,0,80,,5672,6,0,34 2 35 15 7 16,0,79,,5673,6,0,34 2 35 15 7 16,0,30,,5674,6,0,34 2 35 15 7 16,0,70,,5675,6,0,34 2 35 15 7 16,0,30,,5676,6,0,34 2 35 15 7 16,0,70,,5677,6,0,34 2 35 15 7 16,0,45,,5678,6,0,34 2 35 15 7 16,0,70,,5679,6,0,34 2 35 15 7 16,0,30,,5680,6,0,34 2 35 15 7 16,0,70,,5681,6,0,34 2 35 15 7 16,0
300,'100011',525,,6909,6,0,34 2 35 15 7 16,0,30,,6910,6,0,34 2 35 15 7 16,0,55,,6916,6,0,34 2 35 15 7 16,0,15,,6911,6,0,34 2 35 15 7 16,0,30,,6912,6,0,34 2 35 15 7 16,0,70,,6913,6,0,34 2 35 15 7 16,0,30,,6914,6,0,34 2 35 15 7 16,0,50,,6917,6,0,34 2 35 15 7 16,0,20,,6915,6,0,34 2 35 15 7 16,0,80,,6918,6,0,34 2 35 15 7 16,0,30,,6922,6,0,34 2 35 15 7 16,0,70,,6919,6,0,34 2 35 15 7 16,0,30,,6923,6,0,34 2 35 15 7 16,0,70,,6920,6,0,34 2 35 15 7 16,0,30,,6924,6,0,34 2 35 15 7 16,0,71,,6921,6,0,34 2 35 15 7 16,0,30,,6925,6,0,34 2 35 15 7 16,0,83,,6926,6,0,34 2 35 15 7 16,0,35,,6927,6,0,34 2 35 15 7 16,0,75,,6928,6,0,34 2 35 15 7 16,0,1,,6943,6,0,34 2 35 15 7 16,0,13,,6944,6,0,34 2 35 15 7 16,0,61,,6929,6,0,34 2 35 15 7 16,0,35,,6930,6,0,34 2 35 15 7 16,0,5,,6945,6,0,34 2 35 15 7 16,0,70,,6931,6,0,34 2 35 15 7 16,0,35,,6932,6,0,34 2 35 15 7 16,0,80,,6933,6,0,34 2 35 15 7 16,0,79,,6934,6,0,34 2 35 15 7 16,0,30,,6935,6,0,34 2 35 15 7 16,0,70,,6936,6,0,34 2 35 15 7 16,0,30,,6937,6,0,34 2 35 15 7 16,0,70,,6938,6,0,34 2 35 15 7 16,0,45,,6939,6,0,34 2 35 15 7 16,0,70,,6940,6,0,34 2 35 15 7 16,0,30,,6941,6,0,34 2 35 15 7 16,0,70,,6942,6,0,34 2 35 15 7 16,0
800,'100000',741,,6252,22,,,0,100,,6253,22,,,0,100,,6254,22,,,0,100,,6255,22,,,0,100,,6256,22,,,0,115,,6257,22,,,0,100,,6258,22,,,0,100,,6259,22,,,0,100,,6260,22,,,0,155,,6261,22,,,0,100,,6262,22,,,0,100,,6263,22,,,0
800,'100009',741,,6208,22,,,0,100,,6214,22,,,0,100,,6209,22,,,0,100,,6215,22,,,0,100,,6210,22,,,0,115,,6216,22,,,0,100,,6211,22,,,0,100,,6217,22,,,0,100,,6212,22,,,0,155,,6218,22,,,0,100,,6213,22,,,0,100,,6219,22,,,0
800,'100010',605,,6235,22,,,0,30,,6220,22,,,0,70,,6236,22,,,0,30,,6221,22,,,0,70,,6237,22,,,0,40,,7122,22,,,0,69,,7117,22,,,0,30,,7124,22,,,0,70,,7118,22,,,0,30,,7125,22,,,0,70,,7119,22,,,0,30,,7126,22,,,0,70,,7120,22,,,0,42,,7127,22,,,0,75,,7121,22,,,0,75,,7123,22,,,0,35,,6227,22,,,0,75,,6228,22,,,0,35,,6240,22,,,0,75,,6229,22,,,0,80,,6241,22,,,0,42,,6230,22,,,0,70,,6242,22,,,0,30,,6231,22,,,0,70,,6243,22,,,0,30,,6232,22,,,0,85,,6244,22,,,0,70,,6233,22,,,0,30,,6245,22,,,0,70,,6234,22,,,0,28,,6251,22,,,0,28,,6250,22,,,0
800,'100011',605,,7143,22,,,0,30,,7128,22,,,0,70,,7144,22,,,0,30,,7129,22,,,0,70,,7145,22,,,0,40,,7146,22,,,0,69,,7130,22,,,0,30,,7154,22,,,0,70,,7131,22,,,0,30,,7155,22,,,0,70,,7132,22,,,0,30,,7156,22,,,0,70,,7133,22,,,0,42,,7157,22,,,0,75,,7134,22,,,0,75,,7147,22,,,0,35,,7135,22,,,0,75,,7136,22,,,0,35,,7148,22,,,0,75,,7137,22,,,0,80,,7149,22,,,0,42,,7138,22,,,0,70,,7150,22,,,0,30,,7139,22,,,0,70,,7151,22,,,0,30,,7140,22,,,0,85,,7152,22,,,0,70,,7141,22,,,0,30,,7153,22,,,0,70,,7142,22,,,0,28,,7159,22,,,0,28,,7158,22,,,0
5101,'100010',1435,,6531,2,,,0
5300,'100010',753,,7253,18,,,0
5301,'100010',1514,,6537,5,,,0
