500,'100000',805,,5981,9,,,0,100,,5982,9,,,0,100,,5983,9,,,0,100,,5984,9,,,0,100,,5985,9,,,0,115,,5986,9,,,0,100,,5987,9,,,0,100,,5988,9,,,0,115,,5989,9,,,0,100,,5990,9,,,0,100,,5991,9,,,0
500,'100009',805,,5938,9,,,0,100,,5944,9,,,0,100,,5939,9,,,0,100,,5945,9,,,0,100,,5940,9,,,0,115,,5946,9,,,0,100,,5941,9,,,0,100,,5947,9,,,0,115,,5942,9,,,0,100,,5948,9,,,0,100,,5943,9,,,0
500,'100010',557,,5949,9,,,0,70,,5965,9,,,0,30,,5950,9,,,0,70,,5966,9,,,0,30,,5951,9,,,0,80,,5952,9,,,0,70,,5974,9,,,0,30,,5953,9,,,0,70,,5977,9,,,0,30,,5954,9,,,0,70,,5976,9,,,0,30,,5955,9,,,0,70,,5978,9,,,0,40,,5956,9,,,0,75,,5975,9,,,0,35,,5957,9,,,0,75,,5967,9,,,0,75,,5958,9,,,0,35,,5968,9,,,0,75,,5959,9,,,0,40,,5960,9,,,0,83,,5969,9,,,0,70,,5961,9,,,0,30,,5970,9,,,0,70,,5962,9,,,0,30,,5971,9,,,0,85,,5963,9,,,0,30,,5972,9,,,0,70,,5964,9,,,0,30,,5973,9,,,0,70,,5979,9,,,0,30,,5980,9,,,0
500,'100012',557,,7016,9,,,0,70,,7032,9,,,0,30,,7017,9,,,0,70,,7033,9,,,0,30,,7018,9,,,0,80,,7019,9,,,0,70,,7041,9,,,0,30,,7020,9,,,0,70,,7044,9,,,0,30,,7021,9,,,0,70,,7043,9,,,0,30,,7022,9,,,0,70,,7045,9,,,0,40,,7023,9,,,0,75,,7042,9,,,0,35,,7024,9,,,0,75,,7034,9,,,0,75,,7025,9,,,0,35,,7035,9,,,0,75,,7026,9,,,0,40,,7027,9,,,0,83,,7036,9,,,0,70,,7028,9,,,0,30,,7037,9,,,0,70,,7029,9,,,0,30,,7038,9,,,0,85,,7030,9,,,0,30,,7039,9,,,0,70,,7031,9,,,0,30,,7040,9,,,0,70,,7046,9,,,0,30,,7047,9,,,0
700,'100000',804,,6165,5,,,0,100,,6166,5,,,0,100,,6167,5,,,0,100,,6168,5,,,0,100,,6169,5,,,0,115,,6170,5,,,0,100,,6171,5,,,0,100,,6172,5,,,0,115,,6173,5,,,0,100,,6174,5,,,0,100,,6175,5,,,0
700,'100009',804,,6120,5,,,0,100,,6121,5,,,0,100,,6122,5,,,0,100,,6123,5,,,0,100,,6124,5,,,0,115,,6125,5,,,0,100,,6126,5,,,0,100,,6127,5,,,0,115,,6128,5,,,0,100,,6129,5,,,0,100,,6130,5,,,0
700,'100010',526,,6131,5,,,0,30,,6141,5,,,0,70,,6132,5,,,0,18,,6159,5,,,0,12,,6142,5,,,0,70,,6133,5,,,0,30,,6143,5,,,0,80,,6152,5,,,0,70,,6134,5,,,0,30,,6153,5,,,0,70,,6135,5,,,0,30,,6160,5,,,0,70,,6136,5,,,0,30,,6161,5,,,0,70,,6137,5,,,0,38,,6162,5,,,0,75,,6138,5,,,0,35,,6144,5,,,0,75,,6139,5,,,0,75,,6145,5,,,0,35,,6140,5,,,0,75,,6146,5,,,0,40,,6147,5,,,0,85,,6154,5,,,0,70,,6148,5,,,0,30,,6155,5,,,0,70,,6149,5,,,0,30,,6156,5,,,0,85,,6150,5,,,0,30,,6157,5,,,0,70,,6151,5,,,0,30,,6158,5,,,0,70,,6163,5,,,0,30,,6164,5,,,0
700,'100012',526,,7083,5,,,0,30,,7093,5,,,0,70,,7084,5,,,0,18,,7111,5,,,0,12,,7094,5,,,0,70,,7085,5,,,0,30,,7095,5,,,0,80,,7104,5,,,0,70,,7086,5,,,0,30,,7105,5,,,0,70,,7087,5,,,0,30,,7112,5,,,0,70,,7088,5,,,0,30,,7113,5,,,0,70,,7089,5,,,0,38,,7114,5,,,0,75,,7090,5,,,0,35,,7096,5,,,0,75,,7091,5,,,0,75,,7097,5,,,0,35,,7092,5,,,0,75,,7098,5,,,0,40,,7099,5,,,0,85,,7106,5,,,0,70,,7100,5,,,0,30,,7107,5,,,0,70,,7101,5,,,0,30,,7108,5,,,0,85,,7102,5,,,0,30,,7109,5,,,0,70,,7103,5,,,0,30,,7110,5,,,0,70,,7115,5,,,0,30,,7116,5,,,0
1000900,'100000',736,,6634,6,,,0,80,,6635,6,,,0,40,,6636,6,,,0,80,,6637,6,,,0,80,,6638,6,,,0,40,,6639,6,,,0,80,,6640,6,,,0,85,,6641,6,,,0,80,,6642,6,,,0,40,,6643,6,,,0,80,,6644,6,,,0,80,,6645,6,,,0,40,,6646,6,,,0,80,,6647,6,,,0,85,,6648,6,,,0,40,,6649,6,,,0,80,,6650,6,,,0,80,,6651,6,,,0
1000900,'100009',736,,6581,6,,,0,80,,6582,6,,,0,40,,6583,6,,,0,80,,6584,6,,,0,80,,6585,6,,,0,40,,6586,6,,,0,80,,6587,6,,,0,85,,6588,6,,,0,80,,6589,6,,,0,40,,6590,6,,,0,80,,6591,6,,,0,80,,6592,6,,,0,40,,6593,6,,,0,80,,6594,6,,,0,85,,6595,6,,,0,40,,6596,6,,,0,80,,6597,6,,,0,80,,6598,6,,,0
1000900,'100010',522,,6609,6,,,0,100,,6611,6,,,0,30,,6612,6,,,0,100,,6614,6,,,0,62,,6615,6,,,0,103,,6617,6,,,0,20,,6618,6,,,0,100,,6620,6,,,0,70,,6621,6,,,0,100,,6623,6,,,0,30,,6624,6,,,0,100,,6626,6,,,0,71,,6627,6,,,0,100,,6629,6,,,0,28,,6630,6,,,0,102,,6632,6,,,0,18,,6633,6,,,0,155,,6603,6,,,0,30,,6606,6,,,0,100,,6601,6,,,0,83,,6607,6,,,0,85,,6605,6,,,0,35,,6604,6,,,0,75,,6608,6,,,0,35,,6600,6,,,0
1000900,'100011',552,,7261,6,,,0,170,,7262,6,,,0,120,,7263,6,,,0,165,,7264,6,,,0,130,,7265,6,,,0,170,,7266,6,,,0,135,,7267,6,,,0,166,,7268,6,,,0,133,,7260,6,,,0,170,,7259,6,,,0
1000900,'100012',522,,7279,6,,,0,30,,7280,6,,,0,70,,7281,6,,,0,30,,7282,6,,,0,70,,7283,6,,,0,30,,7284,6,,,0,62,,7285,6,,,0,28,,7286,6,,,0,75,,7287,6,,,0,20,,7288,6,,,0,70,,7289,6,,,0,30,,7290,6,,,0,70,,7291,6,,,0,30,,7292,6,,,0,70,,7293,6,,,0,30,,7294,6,,,0,70,,7295,6,,,0,30,,7296,6,,,0,71,,7297,6,,,0,30,,7298,6,,,0,70,,7299,6,,,0,28,,7300,6,,,0,72,,7301,6,,,0,30,,7302,6,,,0,18,,7303,6,,,0,85,,7272,6,,,0,70,,7273,6,,,0,30,,7276,6,,,0,70,,7269,6,,,0,30,,7271,6,,,0,83,,7277,6,,,0,85,,7275,6,,,0,35,,7274,6,,,0,75,,7278,6,,,0,35,,7270,6,,,0
1000900,'100036',552,,6610,6,,,0,170,,6613,6,,,0,120,,6616,6,,,0,165,,6619,6,,,0,130,,6622,6,,,0,170,,6625,6,,,0,131,,6628,6,,,0,170,,6631,6,,,0,133,,6602,6,,,0,170,,6599,6,,,0
2000900,'100000',756,,6739,6,,,0,80,,6740,6,,,0,80,,6741,6,,,0,40,,6742,6,,,0,80,,6743,6,,,0,80,,6744,6,,,0,40,,6745,6,,,0,80,,6746,6,,,0,85,,6747,6,,,0,80,,6748,6,,,0,40,,6749,6,,,0,80,,6750,6,,,0,85,,6751,6,,,0,40,,6752,6,,,0,80,,6753,6,,,0,80,,6754,6,,,0,40,,6755,6,,,0
2000900,'100009',756,,6687,6,,,0,80,,6688,6,,,0,80,,6689,6,,,0,40,,6690,6,,,0,80,,6691,6,,,0,80,,6692,6,,,0,40,,6693,6,,,0,80,,6694,6,,,0,85,,6695,6,,,0,80,,6696,6,,,0,40,,6697,6,,,0,80,,6698,6,,,0,85,,6699,6,,,0,40,,6700,6,,,0,80,,6701,6,,,0,80,,6702,6,,,0,40,,6703,6,,,0
2000900,'100010',546,,6704,6,,,0,60,,6705,6,,,0,100,,6707,6,,,0,30,,6708,6,,,0,100,,6710,6,,,0,22,,6735,6,,,0,98,,6712,6,,,0,60,,6713,6,,,0,100,,6715,6,,,0,30,,6716,6,,,0,100,,6718,6,,,0,70,,6719,6,,,0,101,,6721,6,,,0,31,,6722,6,,,0,104,,6724,6,,,0,64,,6725,6,,,0,110,,6727,6,,,0,30,,6728,6,,,0,100,,6730,6,,,0,70,,6731,6,,,0,98,,6733,6,,,0,34,,6734,6,,,0,85,,6736,6,,,0,75,,6737,6,,,0,36,,6738,6,,,0
2000900,'100011',636,,7304,6,,,0,120,,7305,6,,,0,170,,7306,6,,,0,120,,7307,6,,,0,170,,7308,6,,,0,130,,7309,6,,,0,183,,7310,6,,,0,119,,7311,6,,,0,178,,7312,6,,,0,126,,7313,6,,,0
2000900,'100012',546,,7314,6,,,0,60,,7315,6,,,0,30,,7316,6,,,0,70,,7317,6,,,0,30,,7318,6,,,0,20,,7319,6,,,0,80,,7320,6,,,0,22,,7345,6,,,0,68,,7321,6,,,0,30,,7322,6,,,0,60,,7323,6,,,0,30,,7324,6,,,0,70,,7325,6,,,0,30,,7326,6,,,0,70,,7327,6,,,0,30,,7328,6,,,0,70,,7329,6,,,0,30,,7330,6,,,0,71,,7331,6,,,0,31,,7332,6,,,0,81,,7333,6,,,0,23,,7334,6,,,0,64,,7335,6,,,0,32,,7336,6,,,0,78,,7337,6,,,0,30,,7338,6,,,0,70,,7339,6,,,0,30,,7340,6,,,0,70,,7341,6,,,0,26,,7342,6,,,0,72,,7343,6,,,0,34,,7344,6,,,0,85,,7346,6,,,0,75,,7347,6,,,0,36,,7348,6,,,0
2000900,'100036',636,,6706,6,,,0,120,,6709,6,,,0,170,,6711,6,,,0,120,,6714,6,,,0,170,,6717,6,,,0,130,,6720,6,,,0,172,,6723,6,,,0,130,,6726,6,,,0,178,,6729,6,,,0,126,,6732,6,,,0
