700,'100000',809,,6165,14,,,0,100,,6166,14,,,0,100,,6167,14,,,0,100,,6168,14,,,0,100,,6169,14,,,0,115,,6170,14,,,0,100,,6171,14,,,0,100,,6172,14,,,0,115,,6173,14,,,0,100,,6174,14,,,0,100,,6175,14,,,0
700,'100009',809,,6120,14,,,0,100,,6121,14,,,0,100,,6122,14,,,0,100,,6123,14,,,0,100,,6124,14,,,0,115,,6125,14,,,0,100,,6126,14,,,0,100,,6127,14,,,0,115,,6128,14,,,0,100,,6129,14,,,0,100,,6130,14,,,0
700,'100010',531,,6131,14,,,0,70,,6141,14,,,0,30,,6132,14,,,0,18,,6159,14,,,0,52,,6142,14,,,0,30,,6133,14,,,0,70,,6143,14,,,0,40,,6152,14,,,0,70,,6134,14,,,0,30,,6153,14,,,0,70,,6135,14,,,0,30,,6160,14,,,0,70,,6136,14,,,0,30,,6161,14,,,0,70,,6137,14,,,0,40,,6162,14,,,0,75,,6138,14,,,0,75,,6144,14,,,0,35,,6139,14,,,0,75,,6145,14,,,0,35,,6140,14,,,0,75,,6146,14,,,0,80,,6147,14,,,0,43,,6154,14,,,0,70,,6148,14,,,0,30,,6155,14,,,0,70,,6149,14,,,0,30,,6156,14,,,0,85,,6150,14,,,0,30,,6157,14,,,0,70,,6151,14,,,0,30,,6158,14,,,0,70,,6163,14,,,0,30,,6164,14,,,0
700,'100011',531,,7083,14,,,0,70,,7093,14,,,0,30,,7084,14,,,0,18,,7111,14,,,0,52,,7094,14,,,0,30,,7085,14,,,0,70,,7095,14,,,0,40,,7104,14,,,0,70,,7086,14,,,0,30,,7105,14,,,0,70,,7087,14,,,0,30,,7112,14,,,0,70,,7088,14,,,0,30,,7113,14,,,0,70,,7089,14,,,0,40,,7114,14,,,0,75,,7090,14,,,0,75,,7096,14,,,0,35,,7091,14,,,0,75,,7097,14,,,0,35,,7092,14,,,0,75,,7098,14,,,0,80,,7099,14,,,0,43,,7106,14,,,0,70,,7100,14,,,0,30,,7107,14,,,0,70,,7101,14,,,0,30,,7108,14,,,0,85,,7102,14,,,0,30,,7109,14,,,0,70,,7103,14,,,0,30,,7110,14,,,0,70,,7115,14,,,0,30,,7116,14,,,0
800,'100000',738,,6252,13,,,0,100,,6253,13,,,0,100,,6254,13,,,0,100,,6255,13,,,0,100,,6256,13,,,0,115,,6257,13,,,0,100,,6258,13,,,0,100,,6259,13,,,0,100,,6260,13,,,0,155,,6261,13,,,0,100,,6262,13,,,0,100,,6263,13,,,0
800,'100009',738,,6208,13,,,0,100,,6214,13,,,0,100,,6209,13,,,0,100,,6215,13,,,0,100,,6210,13,,,0,115,,6216,13,,,0,100,,6211,13,,,0,100,,6217,13,,,0,100,,6212,13,,,0,155,,6218,13,,,0,100,,6213,13,,,0,100,,6219,13,,,0
800,'100010',601,,6235,13,,,0,30,,6220,13,,,0,70,,6236,13,,,0,30,,6221,13,,,0,70,,6237,13,,,0,40,,7122,13,,,0,69,,7117,13,,,0,30,,7124,13,,,0,70,,7118,13,,,0,30,,7125,13,,,0,70,,7119,13,,,0,30,,7126,13,,,0,70,,7120,13,,,0,40,,7127,13,,,0,75,,7121,13,,,0,75,,7123,13,,,0,35,,6227,13,,,0,75,,6228,13,,,0,35,,6240,13,,,0,75,,6229,13,,,0,80,,6241,13,,,0,44,,6230,13,,,0,70,,6242,13,,,0,30,,6231,13,,,0,70,,6243,13,,,0,30,,6232,13,,,0,85,,6244,13,,,0,30,,6233,13,,,0,70,,6245,13,,,0,30,,6234,13,,,0,68,,6251,13,,,0,28,,6250,13,,,0
800,'100011',601,,7143,13,,,0,30,,7128,13,,,0,70,,7144,13,,,0,30,,7129,13,,,0,70,,7145,13,,,0,40,,7146,13,,,0,69,,7130,13,,,0,30,,7154,13,,,0,70,,7131,13,,,0,30,,7155,13,,,0,70,,7132,13,,,0,30,,7156,13,,,0,70,,7133,13,,,0,40,,7157,13,,,0,75,,7134,13,,,0,75,,7147,13,,,0,35,,7135,13,,,0,75,,7136,13,,,0,35,,7148,13,,,0,75,,7137,13,,,0,80,,7149,13,,,0,44,,7138,13,,,0,70,,7150,13,,,0,30,,7139,13,,,0,70,,7151,13,,,0,30,,7140,13,,,0,85,,7152,13,,,0,30,,7141,13,,,0,70,,7153,13,,,0,30,,7142,13,,,0,68,,7159,13,,,0,28,,7158,13,,,0
5001,'100010',1504,,6529,10,,,0
5300,'100010',802,,7253,30,,,0
5301,'100010',1523,,6537,17,,,0
5501,'100010',1458,,7256,3,,,0
