200,'100000',730,2,5476,25,,,0,70,42,5454,25,,,0,30,2,5455,25,,,0,70,42,5456,25,,,0,30,2,5457,25,,,0,70,42,5458,25,,,0,30,2,5459,25,,,0,70,42,5460,25,,,0,30,2,5461,25,,,0,70,42,5462,25,,,0,28,,5463,25,4,,0,17,,5477,1,,,0,70,2,5464,25,,,0,30,2,5465,25,,,0,70,2,5466,25,,,0,30,2,5467,25,,,0,70,2,5468,25,,,0,30,2,5469,25,,,0,68,,5479,25,4,,0,17,,5478,1,,,0,70,42,5471,25,,,0,30,2,5472,25,,,0,70,42,5473,25,,,0,30,2,5474,25,,,0,70,42,5475,25,,,0,30,2,5470,25,,,0
200,'100009',730,2,5415,25,,,0,70,42,5414,25,,,0,30,2,5395,25,,,0,70,42,5394,25,,,0,30,2,5396,25,,,0,70,42,5397,25,,,0,30,2,5398,25,,,0,70,42,5399,25,,,0,30,2,5400,25,,,0,70,42,5401,25,,,0,28,,5418,25,4,,0,17,,5419,1,,,0,70,2,5402,25,,,0,30,2,5403,25,,,0,70,2,5404,25,,,0,30,2,5405,25,,,0,70,2,5406,25,,,0,30,2,5407,25,,,0,68,,5416,25,4,,0,17,,5417,1,,,0,70,42,5408,25,,,0,30,2,5409,25,,,0,70,42,5410,25,,,0,30,2,5411,25,,,0,70,42,5412,25,,,0,30,2,5413,25,,,0
200,'100010',552,2,5420,25,,,0,70,2,5429,25,,,0,30,2,5421,25,,,0,70,2,5430,25,,,0,30,2,5422,25,,,0,150,2,5423,25,,,0,100,2,5424,25,,,0,100,2,5425,25,,,0,100,2,5426,25,,,0,113,2,5427,25,,,0,110,2,5428,25,,,0,110,2,5445,25,,,0,75,2,5438,25,,,0,35,2,5446,25,,,0,89,11,5439,25,,,0,71,2,5440,25,,,0,30,2,5447,25,,,0,70,2,5441,25,,,0,30,2,5448,25,,,0,85,17,5442,25,,,0,30,2,5449,25,,,0,70,2,5443,25,,,0,30,2,5450,25,,,0,70,2,5444,25,,,0,30,2,5451,25,,,0,70,2,5452,25,,,0
200,'100011',832,12,6825,25,,,0,100,2,6826,25,,,0,100,2,6827,25,,,0,100,2,6828,25,,,0,98,,6829,25,4,,0,10,,6832,1,,,0,110,2,6830,25,,,0,150,42,6831,25,,,0
200,'100012',552,2,6833,25,,,0,70,2,6842,25,,,0,30,2,6834,25,,,0,70,2,6843,25,,,0,30,2,6835,25,,,0,80,12,6844,25,,,0,70,2,6836,25,,,0,30,2,6845,25,,,0,70,2,6837,25,,,0,30,2,6846,25,,,0,70,2,6838,25,,,0,30,2,6847,25,,,0,70,2,6839,25,,,0,28,,6848,25,4,,0,10,,6866,1,,,0,75,2,6840,25,,,0,35,2,6849,25,,,0,75,2,6841,25,,,0,75,42,6850,25,,,0,35,2,6858,25,,,0,75,2,6851,25,,,0,35,2,6859,25,,,0,89,11,6852,25,,,0,71,2,6853,25,,,0,30,2,6860,25,,,0,70,2,6854,25,,,0,30,2,6861,25,,,0,85,17,6855,25,,,0,30,2,6862,25,,,0,70,2,6856,25,,,0,30,2,6863,25,,,0,70,2,6857,25,,,0,30,2,6864,25,,,0,70,2,6865,25,,,0
200,'100036',832,12,5431,25,,,0,100,2,5432,25,,,0,100,2,5433,25,,,0,100,2,5434,25,,,0,98,,5435,25,4,,0,10,,5453,1,,,0,110,2,5436,25,,,0,150,42,5437,25,,,0
201,'100000',800,42,5575,18,,,0,30,2,5576,18,,,0,70,42,5577,18,,,0,30,2,5578,18,,,0,70,42,5579,18,,,0,30,2,5580,18,,,0,70,42,5581,18,,,0,30,2,5582,18,,,0,70,42,5583,18,,,0,28,,5584,18,4,,0,17,,5597,1,,,0,70,2,5585,18,,,0,30,2,5586,18,,,0,70,2,5587,18,,,0,30,2,5588,18,,,0,70,2,5589,18,,,0,30,2,5590,18,,,0,68,,5599,18,4,,0,17,,5598,1,,,0,70,42,5592,18,,,0,30,2,5593,18,,,0,70,42,5594,18,,,0,30,2,5595,18,,,0,70,42,5596,18,,,0,30,2,5591,18,,,0
201,'100009',800,42,5520,18,,,0,30,2,5524,18,,,0,70,42,5521,18,,,0,30,2,5533,18,,,0,70,42,5523,18,,,0,30,2,5522,18,,,0,70,42,5525,18,,,0,30,2,5526,18,,,0,70,42,5515,18,,,0,28,,5538,18,4,,0,17,,5539,1,,,0,70,2,5528,18,,,0,30,2,5529,18,,,0,70,2,5530,18,,,0,30,2,5531,18,,,0,70,2,5532,18,,,0,30,2,5535,18,,,0,68,,5536,18,4,,0,17,,5537,1,,,0,70,42,5534,18,,,0,30,2,5516,18,,,0,70,42,5519,18,,,0,30,2,5518,18,,,0,70,42,5517,18,,,0,30,2,5527,18,,,0
201,'100010',522,,5570,1,,,0,30,2,5573,18,,,0,70,2,5540,18,,,0,30,2,5548,18,,,0,70,2,5541,18,,,0,30,2,5549,18,,,0,80,12,5542,18,,,0,100,2,5543,18,,,0,100,2,5544,18,,,0,100,2,5545,18,,,0,98,,5546,18,4,,0,10,,5574,1,,,0,110,6,5547,18,,,0,150,46,5561,18,,,0,110,6,5562,18,,,0,40,11,5556,18,,,0,85,17,5572,18,,,0,70,3,5563,18,,,0,30,3,5557,18,,,0,70,3,5564,18,,,0,30,3,5558,18,,,0,85,18,5565,18,,,0,30,3,5559,18,,,0,70,3,5566,18,,,0,30,3,5560,18,,,0,70,3,5567,18,,,0,30,3,5568,18,,,0,71,2,5569,18,,,0
201,'100011',902,2,6867,18,,,0,100,2,6868,18,,,0,100,2,6869,18,,,0,100,2,6870,18,,,0,113,6,6873,18,,,0,110,6,6871,18,,,0,110,6,6872,18,,,0
201,'100012',522,,6904,1,,,0,30,2,6907,18,,,0,70,2,6874,18,,,0,30,2,6882,18,,,0,70,2,6875,18,,,0,30,2,6883,18,,,0,80,12,6876,18,,,0,70,2,6884,18,,,0,30,2,6877,18,,,0,70,2,6885,18,,,0,30,2,6878,18,,,0,70,2,6886,18,,,0,30,2,6879,18,,,0,70,2,6887,18,,,0,28,,6880,18,4,,0,10,,6908,1,,,0,75,6,6905,18,,,0,35,6,6881,18,,,0,75,6,6888,18,,,0,75,46,6895,18,,,0,35,6,6889,18,,,0,75,6,6896,18,,,0,40,11,6890,18,,,0,85,17,6906,18,,,0,70,3,6897,18,,,0,30,3,6891,18,,,0,70,3,6898,18,,,0,30,3,6892,18,,,0,85,18,6899,18,,,0,30,3,6893,18,,,0,70,3,6900,18,,,0,30,3,6894,18,,,0,70,3,6901,18,,,0,30,3,6902,18,,,0,71,2,6903,18,,,0
201,'100036',902,2,5550,18,,,0,100,2,5551,18,,,0,100,2,5552,18,,,0,100,2,5553,18,,,0,113,6,5571,18,,,0,110,6,5554,18,,,0,110,6,5555,18,,,0
400,'100000',827,,5895,42,4,,0,100,,5896,42,4,,0,100,,5897,42,4,,0,100,,5898,42,4,,0,100,,5899,42,4,,0,115,,5900,42,4,,0,100,,5901,42,4,,0,100,,5902,42,4,,0,115,,5903,42,4,,0,100,,5904,42,4,,0,100,,5905,42,4,,0
400,'100009',827,,5838,42,4,,0,100,,5839,42,4,,0,100,,5840,42,4,,0,100,,5841,42,4,,0,100,,5842,42,4,,0,115,,5843,42,4,,0,100,,5844,42,4,,0,100,,5845,42,4,,0,115,,5846,42,4,,0,100,,5847,42,4,,0,100,,5848,42,4,,0
500,'100000',800,,5981,1,,,0,100,,5982,1,,,0,100,,5983,1,,,0,100,,5984,1,,,0,100,,5985,1,,,0,115,,5986,1,,,0,100,,5987,1,,,0,100,,5988,1,,,0,115,,5989,1,,,0,100,,5990,1,,,0,100,,5991,1,,,0
500,'100009',800,,5938,1,,,0,100,,5944,1,,,0,100,,5939,1,,,0,100,,5945,1,,,0,100,,5940,1,,,0,115,,5946,1,,,0,100,,5941,1,,,0,100,,5947,1,,,0,115,,5942,1,,,0,100,,5948,1,,,0,100,,5943,1,,,0
500,'100010',552,,5949,1,,,0,68,,5949,50,4,,0,2,,5965,1,,,0,28,,5965,50,4,,0,2,,5950,1,,,0,68,,5950,50,4,,0,2,,5966,1,,,0,28,,5966,50,4,,0,2,,5951,1,,,0,68,,5951,50,4,,0,12,,5952,1,,,0,68,,5952,50,4,,0,2,,5974,1,,,0,28,,5974,50,4,,0,2,,5953,1,,,0,68,,5953,50,4,,0,2,,5977,1,,,0,28,,5977,50,4,,0,2,,5954,1,,,0,68,,5954,50,4,,0,2,,5976,1,,,0,28,,5976,50,4,,0,2,,5955,1,,,0,68,,5955,50,4,,0,2,,5978,1,,,0,28,,5978,50,4,,0,10,,5956,1,,,0,73,,5956,50,4,,0,2,,5975,1,,,0,33,,5975,50,4,,0,2,,5957,1,,,0,73,,5957,50,4,,0,2,,5967,1,,,0,33,,5967,50,4,,0,42,,5958,1,,,0,33,,5958,50,4,,0,2,,5968,1,,,0,73,,5968,50,4,,0,2,,5959,1,,,0,33,,5959,50,4,,0,7,,5960,1,,,0,73,,5960,50,4,,0,12,,5969,1,,,0,68,,5969,50,4,,0,2,,5961,1,,,0,28,,5961,50,4,,0,2,,5970,1,,,0,68,,5970,50,4,,0,2,,5962,1,,,0,28,,5962,50,4,,0,2,,5971,1,,,0,68,,5971,50,4,,0,17,,5963,1,,,0,28,,5963,50,4,,0,2,,5972,1,,,0,68,,5972,50,4,,0,2,,5964,1,,,0,28,,5964,50,4,,0,2,,5973,1,,,0,68,,5973,50,4,,0,2,,5979,1,,,0,28,,5979,50,4,,0,2,,5980,1,,,0,68,,5980,50,4,,0
500,'100012',552,,7016,1,,,0,68,,7016,50,4,,0,2,,7032,1,,,0,28,,7032,50,4,,0,2,,7017,1,,,0,68,,7017,50,4,,0,2,,7033,1,,,0,28,,7033,50,4,,0,2,,7018,1,,,0,68,,7018,50,4,,0,12,,7019,1,,,0,68,,7019,50,4,,0,2,,7041,1,,,0,28,,7041,50,4,,0,2,,7020,1,,,0,68,,7020,50,4,,0,2,,7044,1,,,0,28,,7044,50,4,,0,2,,7021,1,,,0,68,,7021,50,4,,0,2,,7043,1,,,0,28,,7043,50,4,,0,2,,7022,1,,,0,68,,7022,50,4,,0,2,,7045,1,,,0,28,,7045,50,4,,0,10,,7023,1,,,0,73,,7023,50,4,,0,2,,7042,1,,,0,33,,7042,50,4,,0,2,,7024,1,,,0,73,,7024,50,4,,0,2,,7034,1,,,0,33,,7034,50,4,,0,42,,7025,1,,,0,33,,7025,50,4,,0,2,,7035,1,,,0,73,,7035,50,4,,0,2,,7026,1,,,0,33,,7026,50,4,,0,7,,7027,1,,,0,73,,7027,50,4,,0,12,,7036,1,,,0,68,,7036,50,4,,0,2,,7028,1,,,0,28,,7028,50,4,,0,2,,7037,1,,,0,68,,7037,50,4,,0,2,,7029,1,,,0,28,,7029,50,4,,0,2,,7038,1,,,0,68,,7038,50,4,,0,17,,7030,1,,,0,28,,7030,50,4,,0,2,,7039,1,,,0,68,,7039,50,4,,0,2,,7031,1,,,0,28,,7031,50,4,,0,2,,7040,1,,,0,68,,7040,50,4,,0,2,,7046,1,,,0,28,,7046,50,4,,0,2,,7047,1,,,0,68,,7047,50,4,,0
600,'100000',758,,6081,39,4,,0,100,,6082,39,4,,0,100,,6083,39,4,,0,100,,6084,39,4,,0,100,,6085,39,4,,0,155,,6077,39,4,,0,100,,6076,39,4,,0,100,,6075,39,4,,0,100,,6074,39,4,,0,115,,6079,39,4,,0,100,,6078,39,4,,0,100,,6080,39,4,,0
600,'100009',758,,6035,39,4,,0,100,,6036,39,4,,0,100,,6038,39,4,,0,100,,6027,39,4,,0,100,,6037,39,4,,0,155,,6031,39,4,,0,100,,6028,39,4,,0,100,,6032,39,4,,0,100,,6029,39,4,,0,115,,6033,39,4,,0,100,,6030,39,4,,0,100,,6034,39,4,,0
800,'100000',730,,6252,1,,,0,100,,6253,1,,,0,100,,6254,1,,,0,100,,6255,1,,,0,100,,6256,1,,,0,115,,6257,1,,,0,100,,6258,1,,,0,100,,6259,1,,,0,100,,6260,1,,,0,155,,6261,1,,,0,100,,6262,1,,,0,100,,6263,1,,,0
800,'100009',730,,6208,1,,,0,100,,6214,1,,,0,100,,6209,1,,,0,100,,6215,1,,,0,100,,6210,1,,,0,115,,6216,1,,,0,100,,6211,1,,,0,100,,6217,1,,,0,100,,6212,1,,,0,155,,6218,1,,,0,100,,6213,1,,,0,100,,6219,1,,,0
800,'100010',552,,6235,1,,,0,68,,6235,43,4,,0,2,,6220,1,,,0,28,,6220,43,4,,0,2,,6236,1,,,0,68,,6236,43,4,,0,2,,6221,1,,,0,28,,6221,43,4,,0,2,,6237,1,,,0,68,,6237,43,4,,0,605,,6227,1,,,0,33,,6227,43,4,,0,42,,6228,1,,,0,33,,6228,43,4,,0,2,,6240,1,,,0,73,,6240,43,4,,0,2,,6229,1,,,0,33,,6229,43,4,,0,7,,6241,1,,,0,73,,6241,43,4,,0,12,,6230,1,,,0,68,,6230,43,4,,0,2,,6242,1,,,0,28,,6242,43,4,,0,2,,6231,1,,,0,68,,6231,43,4,,0,2,,6243,1,,,0,28,,6243,43,4,,0,2,,6232,1,,,0,68,,6232,43,4,,0,17,,6244,1,,,0,28,,6244,43,4,,0,2,,6233,1,,,0,68,,6233,43,4,,0,2,,6245,1,,,0,28,,6245,43,4,,0,2,,6234,1,,,0,68,,6234,43,4,,0,2,,6251,1,,,0,26,,6251,43,4,,0,2,,6250,1,,,0,66,,6250,43,4,,0
800,'100011',832,,7122,1,,,0,68,,7122,43,4,,0,2,,7117,1,,,0,27,,7117,43,4,,0,3,,7124,1,,,0,27,,7124,43,4,,0,43,,7118,1,,,0,27,,7118,43,4,,0,3,,7125,1,,,0,27,,7125,43,4,,0,43,,7119,1,,,0,27,,7119,43,4,,0,3,,7126,1,,,0,27,,7126,43,4,,0,43,,7120,1,,,0,27,,7120,43,4,,0,11,,7127,1,,,0,73,,7127,43,4,,0,2,,7121,1,,,0,33,,7121,43,4,,0,2,,7123,1,,,0,73,,7123,43,4,,0
800,'100012',552,,7143,1,,,0,68,,7143,43,4,,0,2,,7128,1,,,0,28,,7128,43,4,,0,2,,7144,1,,,0,68,,7144,43,4,,0,2,,7129,1,,,0,28,,7129,43,4,,0,2,,7145,1,,,0,68,,7145,43,4,,0,12,,7146,1,,,0,68,,7146,43,4,,0,2,,7130,1,,,0,27,,7130,43,4,,0,3,,7154,1,,,0,27,,7154,43,4,,0,43,,7131,1,,,0,27,,7131,43,4,,0,3,,7155,1,,,0,27,,7155,43,4,,0,43,,7132,1,,,0,27,,7132,43,4,,0,3,,7156,1,,,0,27,,7156,43,4,,0,43,,7133,1,,,0,27,,7133,43,4,,0,11,,7157,1,,,0,73,,7157,43,4,,0,2,,7134,1,,,0,33,,7134,43,4,,0,2,,7147,1,,,0,73,,7147,43,4,,0,2,,7135,1,,,0,33,,7135,43,4,,0,42,,7136,1,,,0,33,,7136,43,4,,0,2,,7148,1,,,0,73,,7148,43,4,,0,2,,7137,1,,,0,33,,7137,43,4,,0,7,,7149,1,,,0,73,,7149,43,4,,0,12,,7138,1,,,0,68,,7138,43,4,,0,2,,7150,1,,,0,28,,7150,43,4,,0,2,,7139,1,,,0,68,,7139,43,4,,0,2,,7151,1,,,0,28,,7151,43,4,,0,2,,7140,1,,,0,68,,7140,43,4,,0,17,,7152,1,,,0,28,,7152,43,4,,0,2,,7141,1,,,0,68,,7141,43,4,,0,2,,7153,1,,,0,28,,7153,43,4,,0,2,,7142,1,,,0,68,,7142,43,4,,0,2,,7159,1,,,0,26,,7159,43,4,,0,2,,7158,1,,,0,66,,7158,43,4,,0
800,'100036',832,,6238,1,,,0,68,,6238,43,4,,0,2,,6222,1,,,0,27,,6222,43,4,,0,3,,6246,1,,,0,27,,6246,43,4,,0,43,,6223,1,,,0,27,,6223,43,4,,0,3,,6247,1,,,0,27,,6247,43,4,,0,43,,6224,1,,,0,27,,6224,43,4,,0,3,,6248,1,,,0,27,,6248,43,4,,0,43,,6225,1,,,0,27,,6225,43,4,,0,11,,6249,1,,,0,73,,6249,43,4,,0,2,,6226,1,,,0,33,,6226,43,4,,0,2,,6239,1,,,0,73,,6239,43,4,,0
2100,'100000',835,,6344,21,4,,0,75,,6345,21,4,,0,35,,6346,21,4,,0,75,,6347,21,4,,0,35,,6348,21,4,,0,75,,6349,21,4,,0,75,,6350,21,4,,0,35,,6351,21,4,,0,75,,6352,21,4,,0,35,,6353,21,4,,0,75,,6354,21,4,,0,75,,6355,21,4,,0,35,,6356,21,4,,0,75,,6357,21,4,,0,35,,6358,21,4,,0,75,,6359,21,4,,0,35,,6360,21,4,,0,80,,6361,21,4,,0,75,,6362,21,4,,0,35,,6363,21,4,,0
2100,'100009',835,,6302,21,4,,0,75,,6295,21,4,,0,35,,6303,21,4,,0,75,,6296,21,4,,0,35,,6312,21,4,,0,75,,6311,21,4,,0,75,,6304,21,4,,0,35,,6297,21,4,,0,75,,6305,21,4,,0,35,,6298,21,4,,0,75,,6306,21,4,,0,75,,6299,21,4,,0,35,,6313,21,4,,0,75,,6310,21,4,,0,35,,6307,21,4,,0,75,,6300,21,4,,0,35,,6308,21,4,,0,80,,6301,21,4,,0,75,,6309,21,4,,0,35,,6294,21,4,,0
2100,'100010',656,,6328,21,4,,0,75,,6314,21,4,,0,75,,6329,21,4,,0,35,,6315,21,4,,0,75,,6330,21,4,,0,34,,6316,21,4,,0,75,,6331,21,4,,0,75,,6317,21,4,,0,35,,6332,21,4,,0,75,,6318,21,4,,0,38,,6333,21,4,,0,75,,6319,21,4,,0,35,,6334,21,4,,0,75,,6320,21,4,,0,75,,6335,21,4,,0,35,,6321,21,4,,0,76,,6336,21,4,,0,34,,6322,21,4,,0,75,,6337,21,4,,0,79,,6323,21,4,,0,37,,6338,21,4,,0,73,,6324,21,4,,0,39,,6339,21,4,,0,71,,6325,21,4,,0,79,,6340,21,4,,0,40,,6326,21,4,,0,70,,6327,21,4,,0,30,,6341,21,4,,0,70,,6342,21,4,,0,30,,6343,21,4,,0
2100,'100012',656,,7174,21,4,,0,75,,7160,21,4,,0,75,,7175,21,4,,0,35,,7161,21,4,,0,75,,7176,21,4,,0,34,,7162,21,4,,0,75,,7177,21,4,,0,75,,7163,21,4,,0,35,,7178,21,4,,0,75,,7164,21,4,,0,38,,7179,21,4,,0,75,,7165,21,4,,0,35,,7180,21,4,,0,75,,7166,21,4,,0,75,,7181,21,4,,0,35,,7167,21,4,,0,76,,7182,21,4,,0,34,,7168,21,4,,0,75,,7183,21,4,,0,79,,7169,21,4,,0,37,,7184,21,4,,0,73,,7170,21,4,,0,39,,7185,21,4,,0,71,,7171,21,4,,0,79,,7186,21,4,,0,40,,7172,21,4,,0,70,,7173,21,4,,0,30,,7187,21,4,,0,70,,7188,21,4,,0,30,,7189,21,4,,0
2101,'100000',730,,6444,1,,,0,75,,6445,1,,,0,35,,6446,1,,,0,75,,6447,1,,,0,35,,6448,1,,,0,75,,6449,1,,,0,75,,6450,1,,,0,35,,6451,1,,,0,75,,6452,1,,,0,35,,6453,1,,,0,75,,6454,1,,,0,35,,6455,1,,,0,75,,6456,1,,,0,75,,6457,1,,,0,35,,6458,1,,,0,75,,6459,1,,,0,35,,6460,1,,,0,80,,6461,1,,,0,75,,6462,1,,,0,35,,6463,1,,,0
2101,'100009',730,,6401,1,,,0,75,,6394,1,,,0,35,,6402,1,,,0,75,,6395,1,,,0,35,,6412,1,,,0,75,,6410,1,,,0,75,,6403,1,,,0,36,,6396,1,,,0,74,,6404,1,,,0,35,,6397,1,,,0,75,,6405,1,,,0,35,,6398,1,,,0,75,,6406,1,,,0,75,,6399,1,,,0,35,,6413,1,,,0,75,,6409,1,,,0,35,,6407,1,,,0,80,,6400,1,,,0,75,,6408,1,,,0,35,,6411,1,,,0
2101,'100010',552,,6427,1,,,0,73,,6414,1,,,0,77,,6428,1,,,0,35,,6415,1,,,0,74,,6429,1,,,0,36,,6416,1,,,0,75,,6430,1,,,0,35,,6417,1,,,0,75,,6431,1,,,0,75,,6418,1,,,0,35,,6432,1,,,0,75,,6419,1,,,0,35,,6433,1,,,0,75,,6420,1,,,0,75,,6434,1,,,0,35,,6421,1,,,0,75,,6435,1,,,0,35,,6422,1,,,0,75,,6436,1,,,0,80,,6423,1,,,0,35,,6437,1,,,0,75,,6424,1,,,0,37,,6438,1,,,0,73,,6425,1,,,0,79,,6439,1,,,0,49,,6426,1,,,0,70,,6440,1,,,0,30,,6443,1,,,0,70,,6442,1,,,0,30,,6441,1,,,0
2101,'100012',552,,7203,1,,,0,73,,7190,1,,,0,77,,7204,1,,,0,35,,7191,1,,,0,74,,7205,1,,,0,36,,7192,1,,,0,75,,7206,1,,,0,35,,7193,1,,,0,75,,7207,1,,,0,75,,7194,1,,,0,35,,7208,1,,,0,75,,7195,1,,,0,35,,7209,1,,,0,75,,7196,1,,,0,75,,7210,1,,,0,35,,7197,1,,,0,75,,7211,1,,,0,35,,7198,1,,,0,75,,7212,1,,,0,80,,7199,1,,,0,35,,7213,1,,,0,75,,7200,1,,,0,37,,7214,1,,,0,73,,7201,1,,,0,79,,7215,1,,,0,49,,7202,1,,,0,70,,7216,1,,,0,30,,7219,1,,,0,70,,7218,1,,,0,30,,7217,1,,,0
