700,'100000',812,,6165,19,,,0,100,,6166,19,,,0,100,,6167,19,,,0,100,,6168,19,,,0,100,,6169,19,,,0,115,,6170,19,,,0,100,,6171,19,,,0,100,,6172,19,,,0,115,,6173,19,,,0,100,,6174,19,,,0,100,,6175,19,,,0
700,'100009',812,,6120,19,,,0,100,,6121,19,,,0,100,,6122,19,,,0,100,,6123,19,,,0,100,,6124,19,,,0,115,,6125,19,,,0,100,,6126,19,,,0,100,,6127,19,,,0,115,,6128,19,,,0,100,,6129,19,,,0,100,,6130,19,,,0
700,'100010',534,,6131,19,,,0,70,,6141,19,,,0,30,,6132,19,,,0,18,,6159,19,,,0,52,,6142,19,,,0,30,,6133,19,,,0,70,,6143,19,,,0,40,,6152,19,,,0,70,,6134,19,,,0,30,,6153,19,,,0,70,,6135,19,,,0,30,,6160,19,,,0,70,,6136,19,,,0,30,,6161,19,,,0,70,,6137,19,,,0,41,,6162,19,,,0,75,,6138,19,,,0,75,,6144,19,,,0,35,,6139,19,,,0,75,,6145,19,,,0,35,,6140,19,,,0,75,,6146,19,,,0,80,,6147,19,,,0,42,,6154,19,,,0,70,,6148,19,,,0,30,,6155,19,,,0,70,,6149,19,,,0,30,,6156,19,,,0,86,,6150,19,,,0,70,,6157,19,,,0,30,,6151,19,,,0,70,,6158,19,,,0,30,,6163,19,,,0,70,,6164,19,,,0
700,'100012',534,,7083,19,,,0,70,,7093,19,,,0,30,,7084,19,,,0,18,,7111,19,,,0,52,,7094,19,,,0,30,,7085,19,,,0,70,,7095,19,,,0,40,,7104,19,,,0,70,,7086,19,,,0,30,,7105,19,,,0,70,,7087,19,,,0,30,,7112,19,,,0,70,,7088,19,,,0,30,,7113,19,,,0,70,,7089,19,,,0,41,,7114,19,,,0,75,,7090,19,,,0,75,,7096,19,,,0,35,,7091,19,,,0,75,,7097,19,,,0,35,,7092,19,,,0,75,,7098,19,,,0,80,,7099,19,,,0,42,,7106,19,,,0,70,,7100,19,,,0,30,,7107,19,,,0,70,,7101,19,,,0,30,,7108,19,,,0,86,,7102,19,,,0,70,,7109,19,,,0,30,,7103,19,,,0,70,,7110,19,,,0,30,,7115,19,,,0,70,,7116,19,,,0
5000,'100010',736,,6528,21,,,0
5001,'100010',1524,,6529,34,,,0
5100,'100010',741,,6530,21,,,0
5101,'100010',1502,,6531,32,,,0
5300,'100011',747,,7253,10,,,0
5300,'100036',747,,6536,10,,,0
5301,'100010',1538,,6537,34,,,0
