201,'100000',757,,5575,16,,,0,70,,5576,16,,,0,30,,5577,16,,,0,70,,5578,16,,,0,30,,5579,16,,,0,70,,5580,16,,,0,30,,5581,16,,,0,70,,5582,16,,,0,30,,5583,16,,,0,70,,5584,16,,,0,85,,5585,16,,,0,30,,5586,16,,,0,70,,5587,16,,,0,30,,5588,16,,,0,70,,5589,16,,,0,30,,5590,16,,,0,70,,5599,16,,,0,45,,5592,16,,,0,70,,5593,16,,,0,30,,5594,16,,,0,70,,5595,16,,,0,30,,5596,16,,,0,70,,5591,16,,,0
201,'100009',757,,5520,16,,,0,70,,5524,16,,,0,30,,5521,16,,,0,70,,5533,16,,,0,30,,5523,16,,,0,70,,5522,16,,,0,30,,5525,16,,,0,70,,5526,16,,,0,30,,5515,16,,,0,70,,5538,16,,,0,85,,5528,16,,,0,30,,5529,16,,,0,70,,5530,16,,,0,30,,5531,16,,,0,70,,5532,16,,,0,30,,5535,16,,,0,70,,5536,16,,,0,45,,5534,16,,,0,70,,5516,16,,,0,30,,5519,16,,,0,70,,5518,16,,,0,30,,5517,16,,,0,70,,5527,16,,,0
201,'100010',549,,5573,16,,,0,70,,5540,16,,,0,30,,5548,16,,,0,70,,5541,16,,,0,30,,5549,16,,,0,70,,5542,16,,,0,110,,5543,16,,,0,100,,5544,16,,,0,100,,5545,16,,,0,100,,5546,16,,,0,114,,5547,16,,,0,110,,5561,16,,,0,150,,5562,16,,,0,35,,5556,16,,,0,79,,5572,16,,,0,84,,5563,16,,,0,30,,5557,16,,,0,70,,5564,16,,,0,30,,5558,16,,,0,70,,5565,16,,,0,45,,5559,16,,,0,70,,5566,16,,,0,30,,5560,16,,,0,70,,5567,16,,,0,30,,5568,16,,,0,72,,5569,16,,,0
201,'100011',859,,6867,16,,,0,100,,6868,16,,,0,100,,6869,16,,,0,100,,6870,16,,,0,149,,6873,16,,,0,110,,6871,16,,,0,110,,6872,16,,,0
201,'100012',549,,6907,16,,,0,70,,6874,16,,,0,30,,6882,16,,,0,70,,6875,16,,,0,30,,6883,16,,,0,70,,6876,16,,,0,40,,6884,16,,,0,70,,6877,16,,,0,30,,6885,16,,,0,70,,6878,16,,,0,30,,6886,16,,,0,70,,6879,16,,,0,30,,6887,16,,,0,70,,6880,16,,,0,79,,6905,16,,,0,35,,6881,16,,,0,75,,6888,16,,,0,35,,6895,16,,,0,75,,6889,16,,,0,75,,6896,16,,,0,35,,6890,16,,,0,79,,6906,16,,,0,84,,6897,16,,,0,30,,6891,16,,,0,70,,6898,16,,,0,30,,6892,16,,,0,70,,6899,16,,,0,45,,6893,16,,,0,70,,6900,16,,,0,30,,6894,16,,,0,70,,6901,16,,,0,30,,6902,16,,,0,72,,6903,16,,,0
201,'100036',859,,5550,16,,,0,100,,5551,16,,,0,100,,5552,16,,,0,100,,5553,16,,,0,149,,5571,16,,,0,110,,5554,16,,,0,110,,5555,16,,,0
2100,'100000',833,,6344,19,,,0,75,,6345,19,,,0,35,,6346,19,,,0,75,,6347,19,,,0,35,,6348,19,,,0,75,,6349,19,,,0,75,,6350,19,,,0,35,,6351,19,,,0,75,,6352,19,,,0,35,,6353,19,,,0,75,,6354,19,,,0,35,,6355,19,,,0,75,,6356,19,,,0,75,,6357,19,,,0,35,,6358,19,,,0,75,,6359,19,,,0,35,,6360,19,,,0,80,,6361,19,,,0,75,,6362,19,,,0,35,,6363,19,,,0
2100,'100009',833,,6302,19,,,0,75,,6295,19,,,0,35,,6303,19,,,0,75,,6296,19,,,0,35,,6312,19,,,0,75,,6311,19,,,0,75,,6304,19,,,0,35,,6297,19,,,0,75,,6305,19,,,0,35,,6298,19,,,0,75,,6306,19,,,0,35,,6299,19,,,0,75,,6313,19,,,0,75,,6310,19,,,0,35,,6307,19,,,0,75,,6300,19,,,0,35,,6308,19,,,0,80,,6301,19,,,0,75,,6309,19,,,0,35,,6294,19,,,0
2100,'100010',655,,6328,19,,,0,75,,6314,19,,,0,75,,6329,19,,,0,35,,6315,19,,,0,75,,6330,19,,,0,34,,6316,19,,,0,75,,6331,19,,,0,35,,6317,19,,,0,75,,6332,19,,,0,75,,6318,19,,,0,38,,6333,19,,,0,75,,6319,19,,,0,35,,6334,19,,,0,75,,6320,19,,,0,75,,6335,19,,,0,35,,6321,19,,,0,76,,6336,19,,,0,34,,6322,19,,,0,75,,6337,19,,,0,79,,6323,19,,,0,37,,6338,19,,,0,73,,6324,19,,,0,39,,6339,19,,,0,71,,6325,19,,,0,79,,6340,19,,,0,40,,6326,19,,,0,70,,6327,19,,,0,30,,6341,19,,,0,70,,6342,19,,,0,30,,6343,19,,,0
2100,'100012',655,,7174,19,,,0,75,,7160,19,,,0,75,,7175,19,,,0,35,,7161,19,,,0,75,,7176,19,,,0,34,,7162,19,,,0,75,,7177,19,,,0,35,,7163,19,,,0,75,,7178,19,,,0,75,,7164,19,,,0,38,,7179,19,,,0,75,,7165,19,,,0,35,,7180,19,,,0,75,,7166,19,,,0,75,,7181,19,,,0,35,,7167,19,,,0,76,,7182,19,,,0,34,,7168,19,,,0,75,,7183,19,,,0,79,,7169,19,,,0,37,,7184,19,,,0,73,,7170,19,,,0,39,,7185,19,,,0,71,,7171,19,,,0,79,,7186,19,,,0,40,,7172,19,,,0,70,,7173,19,,,0,30,,7187,19,,,0,70,,7188,19,,,0,30,,7189,19,,,0
3100,'100010',549,,6480,11,,,0,70,,6481,11,,,0,30,,6482,11,,,0,70,,6483,11,,,0,30,,6484,11,,,0,70,,6485,11,,,0,30,,6486,11,,,0,70,,6487,11,,,0,537,,6488,11,,,0,75,,6489,11,,,0,75,,6490,11,,,0,35,,6491,11,,,0,78,,6492,11,,,0,83,,6493,11,,,0,30,,6494,11,,,0,70,,6495,11,,,0
3100,'100012',549,,7220,11,,,0,70,,7221,11,,,0,30,,7222,11,,,0,70,,7223,11,,,0,30,,7224,11,,,0,70,,7225,11,,,0,30,,7226,11,,,0,70,,7227,11,,,0,537,,7228,11,,,0,75,,7229,11,,,0,75,,7230,11,,,0,35,,7231,11,,,0,78,,7232,11,,,0,83,,7233,11,,,0,30,,7234,11,,,0,70,,7235,11,,,0
