700,'100000',814,,6165,21,,,0,100,,6166,21,,,0,100,,6167,21,,,0,100,,6168,21,,,0,100,,6169,21,,,0,115,,6170,21,,,0,100,,6171,21,,,0,100,,6172,21,,,0,115,,6173,21,,,0,100,,6174,21,,,0,100,,6175,21,,,0
700,'100009',814,,6120,21,,,0,100,,6121,21,,,0,100,,6122,21,,,0,100,,6123,21,,,0,100,,6124,21,,,0,115,,6125,21,,,0,100,,6126,21,,,0,100,,6127,21,,,0,115,,6128,21,,,0,100,,6129,21,,,0,100,,6130,21,,,0
700,'100010',536,,6131,21,,,0,70,,6141,21,,,0,30,,6132,21,,,0,18,,6159,21,,,0,52,,6142,21,,,0,30,,6133,21,,,0,70,,6143,21,,,0,40,,6152,21,,,0,70,,6134,21,,,0,30,,6153,21,,,0,70,,6135,21,,,0,30,,6160,21,,,0,70,,6136,21,,,0,30,,6161,21,,,0,70,,6137,21,,,0,41,,6162,21,,,0,75,,6138,21,,,0,75,,6144,21,,,0,35,,6139,21,,,0,75,,6145,21,,,0,35,,6140,21,,,0,75,,6146,21,,,0,80,,6147,21,,,0,42,,6154,21,,,0,70,,6148,21,,,0,30,,6155,21,,,0,70,,6149,21,,,0,30,,6156,21,,,0,86,,6150,21,,,0,70,,6157,21,,,0,30,,6151,21,,,0,70,,6158,21,,,0,30,,6163,21,,,0,70,,6164,21,,,0
700,'100011',536,,7083,21,,,0,70,,7093,21,,,0,30,,7084,21,,,0,18,,7111,21,,,0,52,,7094,21,,,0,30,,7085,21,,,0,70,,7095,21,,,0,40,,7104,21,,,0,70,,7086,21,,,0,30,,7105,21,,,0,70,,7087,21,,,0,30,,7112,21,,,0,70,,7088,21,,,0,30,,7113,21,,,0,70,,7089,21,,,0,41,,7114,21,,,0,75,,7090,21,,,0,75,,7096,21,,,0,35,,7091,21,,,0,75,,7097,21,,,0,35,,7092,21,,,0,75,,7098,21,,,0,80,,7099,21,,,0,42,,7106,21,,,0,70,,7100,21,,,0,30,,7107,21,,,0,70,,7101,21,,,0,30,,7108,21,,,0,86,,7102,21,,,0,70,,7109,21,,,0,30,,7103,21,,,0,70,,7110,21,,,0,30,,7115,21,,,0,70,,7116,21,,,0
5000,'100010',738,,6528,23,,,0
5001,'100010',1525,,6529,36,,,0
5100,'100010',743,,6530,23,,,0
5101,'100010',1503,,6531,34,,,0
5300,'100010',749,,7253,12,,,0
5301,'100010',1540,,6537,36,,,0
