1,100,'100000',5242,5243,5244,5245,5246,5247,5248,5249,5250,5251,5252,5253
1,100,'100009',5184,5185,5186,5187,5188,5189,5190,5191,5192,5193,5194,5195,5196,5197,5198,5199,5200,5201,5202,5203,5204,5205,5206,5207
1,100,'100010',5208,5209,5210,5211,5212,5213,5214,5215,5216,5217,5218,5219,5220,5221,5222,5223,5224,5225,5226,5227,5228,5229,5230,5231,5232,5233,5234,5235,5236,5237,5238,5239,5240,5241
1,100,'100012',6756,6757,6758,6759,6760,6761,6762,6763,6764,6765,6766,6767,6768,6769,6770,6771,6772,6773,6774,6775,6776,6777,6778,6779,6780,6781,6782,6783,6784,6785,6786,6787,6788,6789
1,101,'100000',5348,5349,5350,5351,5352,5353,5354,5355,5356,5357,5358,5359
1,101,'100009',5289,5290,5291,5292,5293,5294,5295,5296,5297,5298,5299,5300,5301,5302,5303,5304,5305,5306,5307,5308,5309,5310,5311,5312
1,101,'100010',5313,5314,5315,5316,5317,5318,5319,5320,5321,5322,5323,5324,5325,5326,5327,5328,5329,5330,5331,5332,5333,5334,5335,5336,5337,5338,5339,5340,5341,5342,5343,5344,5345,5346,5347
1,101,'100012',6790,6791,6792,6793,6794,6795,6796,6797,6798,6799,6800,6801,6802,6803,6804,6805,6806,6807,6808,6809,6810,6811,6812,6813,6814,6815,6816,6817,6818,6819,6820,6821,6822,6823,6824
2,200,'100000',5454,5455,5456,5457,5458,5459,5460,5461,5462,5463,5464,5465,5466,5467,5468,5469,5470,5471,5472,5473,5474,5475,5476,5477,5478,5479
2,200,'100009',5394,5395,5396,5397,5398,5399,5400,5401,5402,5403,5404,5405,5406,5407,5408,5409,5410,5411,5412,5413,5414,5415,5416,5417,5418,5419
2,200,'100010',5420,5421,5422,5423,5424,5425,5426,5427,5428,5429,5430,5438,5439,5440,5441,5442,5443,5444,5445,5446,5447,5448,5449,5450,5451,5452
2,200,'100011',6825,6826,6827,6828,6829,6830,6831,6832
2,200,'100012',6833,6834,6835,6836,6837,6838,6839,6840,6841,6842,6843,6844,6845,6846,6847,6848,6849,6850,6851,6852,6853,6854,6855,6856,6857,6858,6859,6860,6861,6862,6863,6864,6865,6866
2,200,'100036',5431,5432,5433,5434,5435,5436,5437,5453
2,201,'100000',5575,5576,5577,5578,5579,5580,5581,5582,5583,5584,5585,5586,5587,5588,5589,5590,5591,5592,5593,5594,5595,5596,5597,5598,5599
2,201,'100009',5515,5516,5517,5518,5519,5520,5521,5522,5523,5524,5525,5526,5527,5528,5529,5530,5531,5532,5533,5534,5535,5536,5537,5538,5539
2,201,'100010',5540,5541,5542,5543,5544,5545,5546,5547,5548,5549,5556,5557,5558,5559,5560,5561,5562,5563,5564,5565,5566,5567,5568,5569,5570,5572,5573,5574
2,201,'100011',6867,6868,6869,6870,6871,6872,6873
2,201,'100012',6874,6875,6876,6877,6878,6879,6880,6881,6882,6883,6884,6885,6886,6887,6888,6889,6890,6891,6892,6893,6894,6895,6896,6897,6898,6899,6900,6901,6902,6903,6904,6905,6906,6907,6908
2,201,'100036',5550,5551,5552,5553,5554,5555,5571
3,300,'100000',5685,5686,5687,5688,5689,5690,5691,5692,5693,5694,5695
3,300,'100009',5637,5638,5639,5640,5641,5642,5643,5644,5645,5646,5647
3,300,'100010',5648,5649,5650,5651,5652,5653,5654,5655,5656,5657,5658,5659,5660,5661,5662,5663,5664,5665,5666,5667,5668,5669,5670,5671,5672,5673,5674,5675,5676,5677,5678,5679,5680,5681,5682,5683,5684
3,300,'100012',6909,6910,6911,6912,6913,6914,6915,6916,6917,6918,6919,6920,6921,6922,6923,6924,6925,6926,6927,6928,6929,6930,6931,6932,6933,6934,6935,6936,6937,6938,6939,6940,6941,6942,6943,6944,6945
3,301,'100000',5780,5781,5782,5783,5784,5785,5786,5787,5788,5789,5790,5791
3,301,'100009',5732,5733,5734,5735,5736,5737,5738,5739,5740,5741,5742,5743
3,301,'100010',5744,5745,5746,5747,5748,5749,5750,5751,5752,5753,5754,5755,5756,5757,5758,5759,5760,5761,5762,5763,5764,5765,5766,5767,5768,5769,5770,5771,5772,5773,5774,5775,5776,5777,5778,5779
3,301,'100012',6946,6947,6948,6949,6950,6951,6952,6953,6954,6955,6956,6957,6958,6959,6960,6961,6962,6963,6964,6965,6966,6967,6968,6969,6970,6971,6972,6973,6974,6975,6976,6977,6978,6979,6980,6981
4,400,'100000',5883,5884,5885,5886,5887,5888,5889,5890,5891,5892,5893,5894,5895,5896,5897,5898,5899,5900,5901,5902,5903,5904,5905
4,400,'100009',5826,5827,5828,5829,5830,5831,5832,5833,5834,5835,5836,5837,5838,5839,5840,5841,5842,5843,5844,5845,5846,5847,5848
4,400,'100010',5849,5850,5851,5852,5853,5854,5855,5856,5857,5858,5859,5860,5861,5862,5863,5864,5865,5866,5867,5868,5869,5870,5871,5872,5873,5874,5875,5876,5877,5878,5879,5880,5881,5882
4,400,'100012',6982,6983,6984,6985,6986,6987,6988,6989,6990,6991,6992,6993,6994,6995,6996,6997,6998,6999,7000,7001,7002,7003,7004,7005,7006,7007,7008,7009,7010,7011,7012,7013,7014,7015
5,500,'100000',5981,5982,5983,5984,5985,5986,5987,5988,5989,5990,5991
5,500,'100009',5938,5939,5940,5941,5942,5943,5944,5945,5946,5947,5948
5,500,'100010',5949,5950,5951,5952,5953,5954,5955,5956,5957,5958,5959,5960,5961,5962,5963,5964,5965,5966,5967,5968,5969,5970,5971,5972,5973,5974,5975,5976,5977,5978,5979,5980
5,500,'100012',7016,7017,7018,7019,7020,7021,7022,7023,7024,7025,7026,7027,7028,7029,7030,7031,7032,7033,7034,7035,7036,7037,7038,7039,7040,7041,7042,7043,7044,7045,7046,7047
6,600,'100000',6074,6075,6076,6077,6078,6079,6080,6081,6082,6083,6084,6085
6,600,'100009',6027,6028,6029,6030,6031,6032,6033,6034,6035,6036,6037,6038
6,600,'100010',6039,6040,6041,6042,6043,6044,6045,6046,6047,6048,6049,6050,6051,6052,6053,6054,6055,6056,6057,6058,6059,6060,6061,6062,6063,6064,6065,6066,6067,6068,6069,6070,6071,6072,6073
6,600,'100012',7048,7049,7050,7051,7052,7053,7054,7055,7056,7057,7058,7059,7060,7061,7062,7063,7064,7065,7066,7067,7068,7069,7070,7071,7072,7073,7074,7075,7076,7077,7078,7079,7080,7081,7082
7,700,'100000',6165,6166,6167,6168,6169,6170,6171,6172,6173,6174,6175
7,700,'100009',6120,6121,6122,6123,6124,6125,6126,6127,6128,6129,6130
7,700,'100010',6131,6132,6133,6134,6135,6136,6137,6138,6139,6140,6141,6142,6143,6144,6145,6146,6147,6148,6149,6150,6151,6152,6153,6154,6155,6156,6157,6158,6159,6160,6161,6162,6163,6164
7,700,'100012',7083,7084,7085,7086,7087,7088,7089,7090,7091,7092,7093,7094,7095,7096,7097,7098,7099,7100,7101,7102,7103,7104,7105,7106,7107,7108,7109,7110,7111,7112,7113,7114,7115,7116
8,800,'100000',6252,6253,6254,6255,6256,6257,6258,6259,6260,6261,6262,6263
8,800,'100009',6208,6209,6210,6211,6212,6213,6214,6215,6216,6217,6218,6219
8,800,'100010',6220,6221,6227,6228,6229,6230,6231,6232,6233,6234,6235,6236,6237,6240,6241,6242,6243,6244,6245,6250,6251
8,800,'100011',7117,7118,7119,7120,7121,7122,7123,7124,7125,7126,7127
8,800,'100012',7128,7129,7130,7131,7132,7133,7134,7135,7136,7137,7138,7139,7140,7141,7142,7143,7144,7145,7146,7147,7148,7149,7150,7151,7152,7153,7154,7155,7156,7157,7158,7159
8,800,'100036',6222,6223,6224,6225,6226,6238,6239,6246,6247,6248,6249
21,2100,'100000',6344,6345,6346,6347,6348,6349,6350,6351,6352,6353,6354,6355,6356,6357,6358,6359,6360,6361,6362,6363
21,2100,'100009',6294,6295,6296,6297,6298,6299,6300,6301,6302,6303,6304,6305,6306,6307,6308,6309,6310,6311,6312,6313
21,2100,'100010',6314,6315,6316,6317,6318,6319,6320,6321,6322,6323,6324,6325,6326,6327,6328,6329,6330,6331,6332,6333,6334,6335,6336,6337,6338,6339,6340,6341,6342,6343
21,2100,'100012',7160,7161,7162,7163,7164,7165,7166,7167,7168,7169,7170,7171,7172,7173,7174,7175,7176,7177,7178,7179,7180,7181,7182,7183,7184,7185,7186,7187,7188,7189
21,2101,'100000',6444,6445,6446,6447,6448,6449,6450,6451,6452,6453,6454,6455,6456,6457,6458,6459,6460,6461,6462,6463
21,2101,'100009',6394,6395,6396,6397,6398,6399,6400,6401,6402,6403,6404,6405,6406,6407,6408,6409,6410,6411,6412,6413
21,2101,'100010',6414,6415,6416,6417,6418,6419,6420,6421,6422,6423,6424,6425,6426,6427,6428,6429,6430,6431,6432,6433,6434,6435,6436,6437,6438,6439,6440,6441,6442,6443
21,2101,'100012',7190,7191,7192,7193,7194,7195,7196,7197,7198,7199,7200,7201,7202,7203,7204,7205,7206,7207,7208,7209,7210,7211,7212,7213,7214,7215,7216,7217,7218,7219
31,3100,'100010',6480,6481,6482,6483,6484,6485,6486,6487,6488,6489,6490,6491,6492,6493,6494,6495
31,3100,'100012',7220,7221,7222,7223,7224,7225,7226,7227,7228,7229,7230,7231,7232,7233,7234,7235
31,3101,'100010',6512,6513,6514,6515,6516,6517,6518,6519,6520,6521,6522,6523,6524,6525,6526,6527
31,3101,'100012',7236,7237,7238,7239,7240,7241,7242,7243,7244,7245,7246,7247,7248,7249,7250,7251
50,5000,'100010',6528
50,5001,'100010',6529
51,5100,'100010',6530
51,5101,'100010',6531
52,5200,'100010',6532,6533
52,5201,'100010',6534
52,5201,'100011',7252
52,5201,'100036',6535
53,5300,'100011',7253
53,5300,'100036',6536
53,5301,'100010',6537
54,5400,'100010',6538
54,5400,'100011',7254
54,5400,'100036',6539
54,5401,'100010',6540,6541
55,5500,'100011',7255
55,5500,'100036',6542
55,5501,'100011',7256
55,5501,'100036',6543
56,5600,'100011',7257
56,5600,'100036',6544
56,5601,'100011',7258
56,5601,'100036',6545
10009,1000900,'100000',6634,6635,6636,6637,6638,6639,6640,6641,6642,6643,6644,6645,6646,6647,6648,6649,6650,6651
10009,1000900,'100009',6581,6582,6583,6584,6585,6586,6587,6588,6589,6590,6591,6592,6593,6594,6595,6596,6597,6598
10009,1000900,'100010',6600,6601,6603,6604,6605,6606,6607,6608,6609,6611,6612,6614,6615,6617,6618,6620,6621,6623,6624,6626,6627,6629,6630,6632,6633
10009,1000900,'100011',7259,7260,7261,7262,7263,7264,7265,7266,7267,7268
10009,1000900,'100012',7269,7270,7271,7272,7273,7274,7275,7276,7277,7278,7279,7280,7281,7282,7283,7284,7285,7286,7287,7288,7289,7290,7291,7292,7293,7294,7295,7296,7297,7298,7299,7300,7301,7302,7303
10009,1000900,'100036',6599,6602,6610,6613,6616,6619,6622,6625,6628,6631
20009,2000900,'100000',6739,6740,6741,6742,6743,6744,6745,6746,6747,6748,6749,6750,6751,6752,6753,6754,6755
20009,2000900,'100009',6687,6688,6689,6690,6691,6692,6693,6694,6695,6696,6697,6698,6699,6700,6701,6702,6703
20009,2000900,'100010',6704,6705,6707,6708,6710,6712,6713,6715,6716,6718,6719,6721,6722,6724,6725,6727,6728,6730,6731,6733,6734,6735,6736,6737,6738
20009,2000900,'100011',7304,7305,7306,7307,7308,7309,7310,7311,7312,7313
20009,2000900,'100012',7314,7315,7316,7317,7318,7319,7320,7321,7322,7323,7324,7325,7326,7327,7328,7329,7330,7331,7332,7333,7334,7335,7336,7337,7338,7339,7340,7341,7342,7343,7344,7345,7346,7347,7348
20009,2000900,'100036',6706,6709,6711,6714,6717,6720,6723,6726,6729,6732
