800,'100000',739,,6252,15,,,0,100,,6253,15,,,0,100,,6254,15,,,0,100,,6255,15,,,0,100,,6256,15,,,0,115,,6257,15,,,0,100,,6258,15,,,0,100,,6259,15,,,0,100,,6260,15,,,0,155,,6261,15,,,0,100,,6262,15,,,0,100,,6263,15,,,0
800,'100009',739,,6208,15,,,0,100,,6214,15,,,0,100,,6209,15,,,0,100,,6215,15,,,0,100,,6210,15,,,0,115,,6216,15,,,0,100,,6211,15,,,0,100,,6217,15,,,0,100,,6212,15,,,0,155,,6218,15,,,0,100,,6213,15,,,0,100,,6219,15,,,0
800,'100010',602,,6235,15,,,0,30,,6220,15,,,0,70,,6236,15,,,0,30,,6221,15,,,0,70,,6237,15,,,0,634,,6227,15,,,0,75,,6228,15,,,0,35,,6240,15,,,0,75,,6229,15,,,0,80,,6241,15,,,0,44,,6230,15,,,0,70,,6242,15,,,0,30,,6231,15,,,0,70,,6243,15,,,0,30,,6232,15,,,0,85,,6244,15,,,0,70,,6233,15,,,0,30,,6245,15,,,0,70,,6234,15,,,0,28,,6251,15,,,0,28,,6250,15,,,0
800,'100011',842,,7122,15,,,0,69,,7117,15,,,0,30,,7124,15,,,0,70,,7118,15,,,0,30,,7125,15,,,0,70,,7119,15,,,0,30,,7126,15,,,0,70,,7120,15,,,0,40,,7127,15,,,0,75,,7121,15,,,0,75,,7123,15,,,0
800,'100012',602,,7143,15,,,0,30,,7128,15,,,0,70,,7144,15,,,0,30,,7129,15,,,0,70,,7145,15,,,0,40,,7146,15,,,0,69,,7130,15,,,0,30,,7154,15,,,0,70,,7131,15,,,0,30,,7155,15,,,0,70,,7132,15,,,0,30,,7156,15,,,0,70,,7133,15,,,0,40,,7157,15,,,0,75,,7134,15,,,0,75,,7147,15,,,0,35,,7135,15,,,0,75,,7136,15,,,0,35,,7148,15,,,0,75,,7137,15,,,0,80,,7149,15,,,0,44,,7138,15,,,0,70,,7150,15,,,0,30,,7139,15,,,0,70,,7151,15,,,0,30,,7140,15,,,0,85,,7152,15,,,0,70,,7141,15,,,0,30,,7153,15,,,0,70,,7142,15,,,0,28,,7159,15,,,0,28,,7158,15,,,0
800,'100036',842,,6238,15,,,0,69,,6222,15,,,0,30,,6246,15,,,0,70,,6223,15,,,0,30,,6247,15,,,0,70,,6224,15,,,0,30,,6248,15,,,0,70,,6225,15,,,0,40,,6249,15,,,0,75,,6226,15,,,0,75,,6239,15,,,0
5100,'100010',751,,6530,32,,,0
5300,'100011',803,,7253,32,,,0
5300,'100036',803,,6536,32,,,0
5301,'100010',1524,,6537,19,,,0
5501,'100011',1500,,7256,5,,,0
5501,'100036',1500,,6543,5,,,0
