500,'100000',821,,5981,42,,,0,100,,5982,42,,,0,100,,5983,42,,,0,100,,5984,42,,,0,100,,5985,42,,,0,115,,5986,42,,,0,100,,5987,42,,,0,100,,5988,42,,,0,115,,5989,42,,,0,100,,5990,42,,,0,100,,5991,42,,,0
500,'100009',821,,5938,42,,,0,100,,5944,42,,,0,100,,5939,42,,,0,100,,5945,42,,,0,100,,5940,42,,,0,115,,5946,42,,,0,100,,5941,42,,,0,100,,5947,42,,,0,115,,5942,42,,,0,100,,5948,42,,,0,100,,5943,42,,,0
500,'100010',613,,5949,42,,,0,30,,5965,42,,,0,70,,5950,42,,,0,30,,5966,42,,,0,70,,5951,42,,,0,40,,5952,42,,,0,70,,5974,42,,,0,30,,5953,42,,,0,70,,5977,42,,,0,30,,5954,42,,,0,70,,5976,42,,,0,30,,5955,42,,,0,70,,5978,42,,,0,82,,5956,42,,,0,35,,5975,42,,,0,75,,5957,42,,,0,35,,5967,42,,,0,75,,5958,42,,,0,75,,5968,42,,,0,35,,5959,42,,,0,80,,5960,42,,,0,41,,5969,42,,,0,70,,5961,42,,,0,30,,5970,42,,,0,70,,5962,42,,,0,30,,5971,42,,,0,85,,5963,42,,,0,70,,5972,42,,,0,30,,5964,42,,,0,70,,5973,42,,,0,30,,5979,42,,,0,70,,5980,42,,,0
500,'100011',613,,7016,42,,,0,30,,7032,42,,,0,70,,7017,42,,,0,30,,7033,42,,,0,70,,7018,42,,,0,40,,7019,42,,,0,70,,7041,42,,,0,30,,7020,42,,,0,70,,7044,42,,,0,30,,7021,42,,,0,70,,7043,42,,,0,30,,7022,42,,,0,70,,7045,42,,,0,82,,7023,42,,,0,35,,7042,42,,,0,75,,7024,42,,,0,35,,7034,42,,,0,75,,7025,42,,,0,75,,7035,42,,,0,35,,7026,42,,,0,80,,7027,42,,,0,41,,7036,42,,,0,70,,7028,42,,,0,30,,7037,42,,,0,70,,7029,42,,,0,30,,7038,42,,,0,85,,7030,42,,,0,70,,7039,42,,,0,30,,7031,42,,,0,70,,7040,42,,,0,30,,7046,42,,,0,70,,7047,42,,,0
700,'100000',824,,6165,39,,,0,100,,6166,39,,,0,100,,6167,39,,,0,100,,6168,39,,,0,100,,6169,39,,,0,115,,6170,39,,,0,100,,6171,39,,,0,100,,6172,39,,,0,115,,6173,39,,,0,100,,6174,39,,,0,100,,6175,39,,,0
700,'100009',824,,6120,39,,,0,100,,6121,39,,,0,100,,6122,39,,,0,100,,6123,39,,,0,100,,6124,39,,,0,115,,6125,39,,,0,100,,6126,39,,,0,100,,6127,39,,,0,115,,6128,39,,,0,100,,6129,39,,,0,100,,6130,39,,,0
700,'100010',546,,6131,39,,,0,70,,6141,39,,,0,30,,6132,39,,,0,58,,6159,39,,,0,12,,6142,39,,,0,30,,6133,39,,,0,70,,6143,39,,,0,40,,6152,39,,,0,70,,6134,39,,,0,30,,6153,39,,,0,70,,6135,39,,,0,30,,6160,39,,,0,70,,6136,39,,,0,30,,6161,39,,,0,70,,6137,39,,,0,83,,6162,39,,,0,35,,6138,39,,,0,75,,6144,39,,,0,35,,6139,39,,,0,75,,6145,39,,,0,75,,6140,39,,,0,35,,6146,39,,,0,80,,6147,39,,,0,40,,6154,39,,,0,70,,6148,39,,,0,30,,6155,39,,,0,70,,6149,39,,,0,30,,6156,39,,,0,86,,6150,39,,,0,70,,6157,39,,,0,30,,6151,39,,,0,70,,6158,39,,,0,30,,6163,39,,,0,70,,6164,39,,,0
700,'100011',546,,7083,39,,,0,70,,7093,39,,,0,30,,7084,39,,,0,58,,7111,39,,,0,12,,7094,39,,,0,30,,7085,39,,,0,70,,7095,39,,,0,40,,7104,39,,,0,70,,7086,39,,,0,30,,7105,39,,,0,70,,7087,39,,,0,30,,7112,39,,,0,70,,7088,39,,,0,30,,7113,39,,,0,70,,7089,39,,,0,83,,7114,39,,,0,35,,7090,39,,,0,75,,7096,39,,,0,35,,7091,39,,,0,75,,7097,39,,,0,75,,7092,39,,,0,35,,7098,39,,,0,80,,7099,39,,,0,40,,7106,39,,,0,70,,7100,39,,,0,30,,7107,39,,,0,70,,7101,39,,,0,30,,7108,39,,,0,86,,7102,39,,,0,70,,7109,39,,,0,30,,7103,39,,,0,70,,7110,39,,,0,30,,7115,39,,,0,70,,7116,39,,,0
1000900,'100000',759,,6634,32,,,0,80,,6635,32,,,0,80,,6636,32,,,0,40,,6637,32,,,0,80,,6638,32,,,0,81,,6639,32,,,0,80,,6640,32,,,0,45,,6641,32,,,0,80,,6642,32,,,0,81,,6643,32,,,0,40,,6644,32,,,0,80,,6645,32,,,0,80,,6646,32,,,0,40,,6647,32,,,0,85,,6648,32,,,0,80,,6649,32,,,0,40,,6650,32,,,0,80,,6651,32,,,0
1000900,'100009',759,,6581,32,,,0,80,,6582,32,,,0,80,,6583,32,,,0,40,,6584,32,,,0,80,,6585,32,,,0,81,,6586,32,,,0,80,,6587,32,,,0,45,,6588,32,,,0,80,,6589,32,,,0,81,,6590,32,,,0,40,,6591,32,,,0,80,,6592,32,,,0,80,,6593,32,,,0,40,,6594,32,,,0,85,,6595,32,,,0,80,,6596,32,,,0,40,,6597,32,,,0,80,,6598,32,,,0
1000900,'100010',546,,6609,32,,,0,70,,7261,32,,,0,30,,6611,32,,,0,70,,6612,32,,,0,30,,7262,32,,,0,70,,6614,32,,,0,22,,6615,32,,,0,68,,7263,32,,,0,35,,6617,32,,,0,60,,6618,32,,,0,30,,7264,32,,,0,70,,6620,32,,,0,30,,6621,32,,,0,70,,7265,32,,,0,30,,6623,32,,,0,70,,6624,32,,,0,30,,7266,32,,,0,70,,6626,32,,,0,34,,6627,32,,,0,82,,7267,32,,,0,22,,6629,32,,,0,64,,6630,32,,,0,32,,7268,32,,,0,70,,6632,32,,,0,18,,6633,32,,,0,85,,7260,32,,,0,30,,6603,32,,,0,70,,6606,32,,,0,30,,7259,32,,,0,67,,6601,32,,,0,43,,6607,32,,,0,85,,6605,32,,,0,75,,6604,32,,,0,35,,6608,32,,,0,75,,6600,32,,,0
1000900,'100011',546,,7279,32,,,0,70,,7280,32,,,0,30,,7281,32,,,0,70,,7282,32,,,0,30,,7283,32,,,0,70,,7284,32,,,0,22,,7285,32,,,0,68,,7286,32,,,0,35,,7287,32,,,0,60,,7288,32,,,0,30,,7289,32,,,0,70,,7290,32,,,0,30,,7291,32,,,0,70,,7292,32,,,0,30,,7293,32,,,0,70,,7294,32,,,0,30,,7295,32,,,0,70,,7296,32,,,0,34,,7297,32,,,0,70,,7298,32,,,0,34,,7299,32,,,0,64,,7300,32,,,0,32,,7301,32,,,0,70,,7302,32,,,0,18,,7303,32,,,0,85,,7272,32,,,0,30,,7273,32,,,0,70,,7276,32,,,0,30,,7269,32,,,0,67,,7271,32,,,0,43,,7277,32,,,0,85,,7275,32,,,0,75,,7274,32,,,0,35,,7278,32,,,0,75,,7270,32,,,0
2000900,'100000',821,,6739,30,,,0,80,,6740,30,,,0,40,,6741,30,,,0,80,,6742,30,,,0,80,,6743,30,,,0,40,,6744,30,,,0,80,,6745,30,,,0,80,,6746,30,,,0,45,,6747,30,,,0,80,,6748,30,,,0,81,,6749,30,,,0,40,,6750,30,,,0,85,,6751,30,,,0,80,,6752,30,,,0,40,,6753,30,,,0,80,,6754,30,,,0,80,,6755,30,,,0
2000900,'100009',821,,6687,30,,,0,80,,6688,30,,,0,40,,6689,30,,,0,80,,6690,30,,,0,80,,6691,30,,,0,40,,6692,30,,,0,80,,6693,30,,,0,80,,6694,30,,,0,45,,6695,30,,,0,80,,6696,30,,,0,81,,6697,30,,,0,40,,6698,30,,,0,85,,6699,30,,,0,80,,6700,30,,,0,40,,6701,30,,,0,80,,6702,30,,,0,80,,6703,30,,,0
2000900,'100010',611,,6704,30,,,0,20,,6705,30,,,0,70,,7304,30,,,0,30,,6707,30,,,0,70,,6708,30,,,0,20,,7305,30,,,0,80,,6710,30,,,0,22,,6735,30,,,0,28,,7306,30,,,0,70,,6712,30,,,0,20,,6713,30,,,0,70,,7307,30,,,0,30,,6715,30,,,0,70,,6716,30,,,0,30,,7308,30,,,0,70,,6718,30,,,0,30,,6719,30,,,0,70,,7309,30,,,0,33,,6721,30,,,0,71,,6722,30,,,0,41,,7310,30,,,0,63,,6724,30,,,0,24,,6725,30,,,0,72,,7311,30,,,0,38,,6727,30,,,0,70,,6728,30,,,0,30,,7312,30,,,0,70,,6730,30,,,0,30,,6731,30,,,0,65,,7313,30,,,0,31,,6733,30,,,0,74,,6734,30,,,0,85,,6736,30,,,0,35,,6737,30,,,0,76,,6738,30,,,0
2000900,'100011',611,,7314,30,,,0,20,,7315,30,,,0,70,,7316,30,,,0,30,,7317,30,,,0,70,,7318,30,,,0,20,,7319,30,,,0,80,,7320,30,,,0,22,,7345,30,,,0,28,,7321,30,,,0,70,,7322,30,,,0,20,,7323,30,,,0,70,,7324,30,,,0,30,,7325,30,,,0,70,,7326,30,,,0,30,,7327,30,,,0,70,,7328,30,,,0,30,,7329,30,,,0,70,,7330,30,,,0,33,,7331,30,,,0,71,,7332,30,,,0,41,,7333,30,,,0,63,,7334,30,,,0,24,,7335,30,,,0,72,,7336,30,,,0,38,,7337,30,,,0,70,,7338,30,,,0,30,,7339,30,,,0,70,,7340,30,,,0,30,,7341,30,,,0,65,,7342,30,,,0,31,,7343,30,,,0,74,,7344,30,,,0,85,,7346,30,,,0,35,,7347,30,,,0,76,,7348,30,,,0
