5400,'100010',751,,6538,4,0,43 2 7 18,0
5400,'100011',736,,7254,4,0,43 2 7 18,0
5400,'100036',736,,6539,4,0,43 2 7 18,0
5401,'100010',1451,,6540,16,0,43 2 7 18,0,59,,6541,16,0,43 2 7 18,0
2000900,'100000',808,,6739,17,,,0,40,,6740,17,,,0,80,,6741,17,,,0,80,,6742,17,,,0,40,,6743,17,,,0,80,,6744,17,,,0,80,,6745,17,,,0,40,,6746,17,,,0,85,,6747,17,,,0,80,,6748,17,,,0,41,,6749,17,,,0,80,,6750,17,,,0,85,,6751,17,,,0,40,,6752,17,,,0,80,,6753,17,,,0,80,,6754,17,,,0,40,,6755,17,,,0
2000900,'100009',808,,6687,17,,,0,40,,6688,17,,,0,80,,6689,17,,,0,80,,6690,17,,,0,40,,6691,17,,,0,80,,6692,17,,,0,80,,6693,17,,,0,40,,6694,17,,,0,85,,6695,17,,,0,80,,6696,17,,,0,41,,6697,17,,,0,80,,6698,17,,,0,85,,6699,17,,,0,40,,6700,17,,,0,80,,6701,17,,,0,80,,6702,17,,,0,40,,6703,17,,,0
2000900,'100010',558,,6704,17,,,0,60,,6705,17,,,0,100,,6707,17,,,0,30,,6708,17,,,0,100,,6710,17,,,0,62,,6735,17,,,0,98,,6712,17,,,0,20,,6713,17,,,0,100,,6715,17,,,0,30,,6716,17,,,0,100,,6718,17,,,0,70,,6719,17,,,0,102,,6721,17,,,0,71,,6722,17,,,0,104,,6724,17,,,0,24,,6725,17,,,0,110,,6727,17,,,0,70,,6728,17,,,0,100,,6730,17,,,0,30,,6731,17,,,0,97,,6733,17,,,0,74,,6734,17,,,0,45,,6736,17,,,0,75,,6737,17,,,0,76,,6738,17,,,0
2000900,'100011',648,,7304,17,,,0,160,,7305,17,,,0,130,,7306,17,,,0,120,,7307,17,,,0,170,,7308,17,,,0,130,,7309,17,,,0,184,,7310,17,,,0,159,,7311,17,,,0,138,,7312,17,,,0,165,,7313,17,,,0
2000900,'100012',558,,7314,17,,,0,60,,7315,17,,,0,30,,7316,17,,,0,70,,7317,17,,,0,30,,7318,17,,,0,60,,7319,17,,,0,40,,7320,17,,,0,62,,7345,17,,,0,28,,7321,17,,,0,70,,7322,17,,,0,20,,7323,17,,,0,30,,7324,17,,,0,70,,7325,17,,,0,30,,7326,17,,,0,70,,7327,17,,,0,30,,7328,17,,,0,70,,7329,17,,,0,30,,7330,17,,,0,72,,7331,17,,,0,71,,7332,17,,,0,41,,7333,17,,,0,63,,7334,17,,,0,24,,7335,17,,,0,72,,7336,17,,,0,38,,7337,17,,,0,70,,7338,17,,,0,30,,7339,17,,,0,70,,7340,17,,,0,30,,7341,17,,,0,65,,7342,17,,,0,32,,7343,17,,,0,74,,7344,17,,,0,45,,7346,17,,,0,75,,7347,17,,,0,76,,7348,17,,,0
2000900,'100036',648,,6706,17,,,0,160,,6709,17,,,0,130,,6711,17,,,0,120,,6714,17,,,0,170,,6717,17,,,0,130,,6720,17,,,0,173,,6723,17,,,0,170,,6726,17,,,0,138,,6729,17,,,0,165,,6732,17,,,0
