300,'100000',800,,5685,3,0,34 2 35 15 7 16,0,100,,5686,3,0,34 2 35 15 7 16,0,100,,5687,3,0,34 2 35 15 7 16,0,100,,5688,3,0,34 2 35 15 7 16,0,100,,5689,3,0,34 2 35 15 7 16,0,115,,5690,3,0,34 2 35 15 7 16,0,100,,5691,3,0,34 2 35 15 7 16,0,100,,5692,3,0,34 2 35 15 7 16,0,100,,5693,3,0,34 2 35 15 7 16,0,115,,5694,3,0,34 2 35 15 7 16,0,100,,5695,3,0,34 2 35 15 7 16,0
300,'100009',800,,5637,3,0,34 2 35 15 7 16,0,100,,5638,3,0,34 2 35 15 7 16,0,100,,5639,3,0,34 2 35 15 7 16,0,100,,5640,3,0,34 2 35 15 7 16,0,100,,5641,3,0,34 2 35 15 7 16,0,115,,5647,3,0,34 2 35 15 7 16,0,100,,5642,3,0,34 2 35 15 7 16,0,100,,5643,3,0,34 2 35 15 7 16,0,100,,5644,3,0,34 2 35 15 7 16,0,115,,5645,3,0,34 2 35 15 7 16,0,100,,5646,3,0,34 2 35 15 7 16,0
300,'100010',524,,5648,3,0,34 2 35 15 7 16,0,30,,5649,3,0,34 2 35 15 7 16,0,55,,5655,3,0,34 2 35 15 7 16,0,15,,5650,3,0,34 2 35 15 7 16,0,30,,5651,3,0,34 2 35 15 7 16,0,70,,5652,3,0,34 2 35 15 7 16,0,30,,5653,3,0,34 2 35 15 7 16,0,50,,5656,3,0,34 2 35 15 7 16,0,20,,5654,3,0,34 2 35 15 7 16,0,80,,5657,3,0,34 2 35 15 7 16,0,30,,5661,3,0,34 2 35 15 7 16,0,70,,5658,3,0,34 2 35 15 7 16,0,30,,5662,3,0,34 2 35 15 7 16,0,70,,5659,3,0,34 2 35 15 7 16,0,30,,5663,3,0,34 2 35 15 7 16,0,70,,5660,3,0,34 2 35 15 7 16,0,30,,5664,3,0,34 2 35 15 7 16,0,83,,5665,3,0,34 2 35 15 7 16,0,35,,5666,3,0,34 2 35 15 7 16,0,75,,5667,3,0,34 2 35 15 7 16,0,1,,5682,3,0,34 2 35 15 7 16,0,13,,5683,3,0,34 2 35 15 7 16,0,61,,5668,3,0,34 2 35 15 7 16,0,35,,5669,3,0,34 2 35 15 7 16,0,5,,5684,3,0,34 2 35 15 7 16,0,70,,5670,3,0,34 2 35 15 7 16,0,35,,5671,3,0,34 2 35 15 7 16,0,80,,5672,3,0,34 2 35 15 7 16,0,80,,5673,3,0,34 2 35 15 7 16,0,30,,5674,3,0,34 2 35 15 7 16,0,70,,5675,3,0,34 2 35 15 7 16,0,30,,5676,3,0,34 2 35 15 7 16,0,70,,5677,3,0,34 2 35 15 7 16,0,45,,5678,3,0,34 2 35 15 7 16,0,70,,5679,3,0,34 2 35 15 7 16,0,30,,5680,3,0,34 2 35 15 7 16,0,70,,5681,3,0,34 2 35 15 7 16,0
300,'100012',524,,6909,3,0,34 2 35 15 7 16,0,30,,6910,3,0,34 2 35 15 7 16,0,55,,6916,3,0,34 2 35 15 7 16,0,15,,6911,3,0,34 2 35 15 7 16,0,30,,6912,3,0,34 2 35 15 7 16,0,70,,6913,3,0,34 2 35 15 7 16,0,30,,6914,3,0,34 2 35 15 7 16,0,50,,6917,3,0,34 2 35 15 7 16,0,20,,6915,3,0,34 2 35 15 7 16,0,80,,6918,3,0,34 2 35 15 7 16,0,30,,6922,3,0,34 2 35 15 7 16,0,70,,6919,3,0,34 2 35 15 7 16,0,30,,6923,3,0,34 2 35 15 7 16,0,70,,6920,3,0,34 2 35 15 7 16,0,30,,6924,3,0,34 2 35 15 7 16,0,70,,6921,3,0,34 2 35 15 7 16,0,30,,6925,3,0,34 2 35 15 7 16,0,83,,6926,3,0,34 2 35 15 7 16,0,35,,6927,3,0,34 2 35 15 7 16,0,75,,6928,3,0,34 2 35 15 7 16,0,1,,6943,3,0,34 2 35 15 7 16,0,13,,6944,3,0,34 2 35 15 7 16,0,61,,6929,3,0,34 2 35 15 7 16,0,35,,6930,3,0,34 2 35 15 7 16,0,5,,6945,3,0,34 2 35 15 7 16,0,70,,6931,3,0,34 2 35 15 7 16,0,35,,6932,3,0,34 2 35 15 7 16,0,80,,6933,3,0,34 2 35 15 7 16,0,80,,6934,3,0,34 2 35 15 7 16,0,30,,6935,3,0,34 2 35 15 7 16,0,70,,6936,3,0,34 2 35 15 7 16,0,30,,6937,3,0,34 2 35 15 7 16,0,70,,6938,3,0,34 2 35 15 7 16,0,45,,6939,3,0,34 2 35 15 7 16,0,70,,6940,3,0,34 2 35 15 7 16,0,30,,6941,3,0,34 2 35 15 7 16,0,70,,6942,3,0,34 2 35 15 7 16,0
5500,'100011',744,,7255,6,,,0
5500,'100036',744,,6542,5,,,0
5600,'100011',805,,7257,6,,,0
5600,'100036',805,,6544,5,,,0
5601,'100011',1523,,7258,7,,,0
5601,'100036',1523,,6545,6,,,0
