201,'100000',806,,5575,24,,,0,30,,5576,24,,,0,70,,5577,24,,,0,30,,5578,24,,,0,70,,5579,24,,,0,30,,5580,24,,,0,70,,5581,24,,,0,30,,5582,24,,,0,70,,5583,24,,,0,45,,5597,7,,,0,70,,5585,24,,,0,30,,5586,24,,,0,70,,5587,24,,,0,30,,5588,24,,,0,70,,5589,24,,,0,30,,5590,24,,,0,85,,5598,7,,,0,70,,5592,24,,,0,30,,5593,24,,,0,70,,5594,24,,,0,30,,5595,24,,,0,70,,5596,24,,,0,30,,5591,24,,,0
201,'100009',806,,5520,24,,,0,30,,5524,24,,,0,70,,5521,24,,,0,30,,5533,24,,,0,70,,5523,24,,,0,30,,5522,24,,,0,70,,5525,24,,,0,30,,5526,24,,,0,70,,5515,24,,,0,45,,5539,7,,,0,70,,5528,24,,,0,30,,5529,24,,,0,70,,5530,24,,,0,30,,5531,24,,,0,70,,5532,24,,,0,30,,5535,24,,,0,85,,5537,7,,,0,70,,5534,24,,,0,30,,5516,24,,,0,70,,5519,24,,,0,30,,5518,24,,,0,70,,5517,24,,,0,30,,5527,24,,,0
201,'100010',528,,5570,7,,,0,30,,5573,24,,,0,70,,5540,24,,,0,30,,5548,24,,,0,70,,5541,24,,,0,30,,5549,24,,,0,80,,5542,24,,,0,100,,5543,24,,,0,100,,5544,24,,,0,100,,5545,24,,,0,108,,5574,7,,,0,110,,5547,24,,,0,150,,5561,24,,,0,110,,5562,24,,,0,40,,5556,24,,,0,85,,5572,24,,,0,70,,5563,24,,,0,30,,5557,24,,,0,70,,5564,24,,,0,30,,5558,24,,,0,85,,5565,24,,,0,30,,5559,24,,,0,70,,5566,24,,,0,30,,5560,24,,,0,70,,5567,24,,,0,30,,5568,24,,,0,71,,5569,24,,,0
201,'100011',908,,6867,24,,,0,100,,6868,24,,,0,100,,6869,24,,,0,100,,6870,24,,,0,113,,6873,24,,,0,110,,6871,24,,,0,110,,6872,24,,,0
201,'100012',528,,6904,7,,,0,30,,6907,24,,,0,70,,6874,24,,,0,30,,6882,24,,,0,70,,6875,24,,,0,30,,6883,24,,,0,80,,6876,24,,,0,70,,6884,24,,,0,30,,6877,24,,,0,70,,6885,24,,,0,30,,6878,24,,,0,70,,6886,24,,,0,30,,6879,24,,,0,70,,6887,24,,,0,38,,6908,7,,,0,75,,6905,24,,,0,35,,6881,24,,,0,75,,6888,24,,,0,75,,6895,24,,,0,35,,6889,24,,,0,75,,6896,24,,,0,40,,6890,24,,,0,85,,6906,24,,,0,70,,6897,24,,,0,30,,6891,24,,,0,70,,6898,24,,,0,30,,6892,24,,,0,85,,6899,24,,,0,30,,6893,24,,,0,70,,6900,24,,,0,30,,6894,24,,,0,70,,6901,24,,,0,30,,6902,24,,,0,71,,6903,24,,,0
201,'100036',908,,5550,24,,,0,100,,5551,24,,,0,100,,5552,24,,,0,100,,5553,24,,,0,113,,5571,24,,,0,110,,5554,24,,,0,110,,5555,24,,,0
600,'100000',735,,6081,7,,,0,100,,6082,7,,,0,100,,6083,7,,,0,100,,6084,7,,,0,100,,6085,7,,,0,115,,6077,7,,,0,100,,6076,7,,,0,100,,6075,7,,,0,100,,6074,7,,,0,155,,6079,7,,,0,100,,6078,7,,,0,100,,6080,7,,,0
600,'100009',735,,6035,7,,,0,100,,6036,7,,,0,100,,6038,7,,,0,100,,6027,7,,,0,100,,6037,7,,,0,115,,6031,7,,,0,100,,6028,7,,,0,100,,6032,7,,,0,100,,6029,7,,,0,155,,6033,7,,,0,100,,6030,7,,,0,100,,6034,7,,,0
600,'100010',527,,6049,7,,,0,30,,6039,7,,,0,58,,6067,7,,,0,12,,6050,7,,,0,30,,6040,7,,,0,58,,6068,7,,,0,12,,6051,7,,,0,30,,6041,7,,,0,80,,6042,7,,,0,70,,6059,7,,,0,30,,6043,7,,,0,70,,6060,7,,,0,30,,6044,7,,,0,70,,6069,7,,,0,30,,6045,7,,,0,70,,6070,7,,,0,38,,6046,7,,,0,75,,6071,7,,,0,35,,6047,7,,,0,75,,6052,7,,,0,75,,6048,7,,,0,35,,6061,7,,,0,75,,6053,7,,,0,40,,6062,7,,,0,85,,6054,7,,,0,70,,6063,7,,,0,30,,6055,7,,,0,70,,6064,7,,,0,30,,6056,7,,,0,85,,6065,7,,,0,30,,6057,7,,,0,70,,6066,7,,,0,30,,6058,7,,,0,70,,6073,7,,,0,30,,6072,7,,,0
600,'100012',527,,7058,7,,,0,30,,7048,7,,,0,58,,7076,7,,,0,12,,7059,7,,,0,30,,7049,7,,,0,58,,7077,7,,,0,12,,7060,7,,,0,30,,7050,7,,,0,80,,7051,7,,,0,70,,7068,7,,,0,30,,7052,7,,,0,70,,7069,7,,,0,30,,7053,7,,,0,70,,7078,7,,,0,30,,7054,7,,,0,70,,7079,7,,,0,38,,7055,7,,,0,75,,7080,7,,,0,35,,7056,7,,,0,75,,7061,7,,,0,75,,7057,7,,,0,35,,7070,7,,,0,75,,7062,7,,,0,40,,7071,7,,,0,85,,7063,7,,,0,70,,7072,7,,,0,30,,7064,7,,,0,70,,7073,7,,,0,30,,7065,7,,,0,85,,7074,7,,,0,30,,7066,7,,,0,70,,7075,7,,,0,30,,7067,7,,,0,70,,7082,7,,,0,30,,7081,7,,,0
