500,'100000',807,,5981,14,,,0,100,,5982,14,,,0,100,,5983,14,,,0,100,,5984,14,,,0,100,,5985,14,,,0,115,,5986,14,,,0,100,,5987,14,,,0,100,,5988,14,,,0,115,,5989,14,,,0,100,,5990,14,,,0,100,,5991,14,,,0
500,'100009',807,,5938,14,,,0,100,,5944,14,,,0,100,,5939,14,,,0,100,,5945,14,,,0,100,,5940,14,,,0,115,,5946,14,,,0,100,,5941,14,,,0,100,,5947,14,,,0,115,,5942,14,,,0,100,,5948,14,,,0,100,,5943,14,,,0
500,'100010',559,,5949,14,,,0,70,,5965,14,,,0,30,,5950,14,,,0,70,,5966,14,,,0,30,,5951,14,,,0,80,,5952,14,,,0,70,,5974,14,,,0,30,,5953,14,,,0,70,,5977,14,,,0,30,,5954,14,,,0,70,,5976,14,,,0,30,,5955,14,,,0,70,,5978,14,,,0,40,,5956,14,,,0,75,,5975,14,,,0,35,,5957,14,,,0,75,,5967,14,,,0,75,,5958,14,,,0,35,,5968,14,,,0,75,,5959,14,,,0,40,,5960,14,,,0,83,,5969,14,,,0,70,,5961,14,,,0,30,,5970,14,,,0,70,,5962,14,,,0,30,,5971,14,,,0,85,,5963,14,,,0,30,,5972,14,,,0,70,,5964,14,,,0,30,,5973,14,,,0,70,,5979,14,,,0,30,,5980,14,,,0
500,'100011',559,,7016,14,,,0,70,,7032,14,,,0,30,,7017,14,,,0,70,,7033,14,,,0,30,,7018,14,,,0,80,,7019,14,,,0,70,,7041,14,,,0,30,,7020,14,,,0,70,,7044,14,,,0,30,,7021,14,,,0,70,,7043,14,,,0,30,,7022,14,,,0,70,,7045,14,,,0,40,,7023,14,,,0,75,,7042,14,,,0,35,,7024,14,,,0,75,,7034,14,,,0,75,,7025,14,,,0,35,,7035,14,,,0,75,,7026,14,,,0,40,,7027,14,,,0,83,,7036,14,,,0,70,,7028,14,,,0,30,,7037,14,,,0,70,,7029,14,,,0,30,,7038,14,,,0,85,,7030,14,,,0,30,,7039,14,,,0,70,,7031,14,,,0,30,,7040,14,,,0,70,,7046,14,,,0,30,,7047,14,,,0
700,'100000',806,,6165,10,,,0,100,,6166,10,,,0,100,,6167,10,,,0,100,,6168,10,,,0,100,,6169,10,,,0,115,,6170,10,,,0,100,,6171,10,,,0,100,,6172,10,,,0,115,,6173,10,,,0,100,,6174,10,,,0,100,,6175,10,,,0
700,'100009',806,,6120,10,,,0,100,,6121,10,,,0,100,,6122,10,,,0,100,,6123,10,,,0,100,,6124,10,,,0,115,,6125,10,,,0,100,,6126,10,,,0,100,,6127,10,,,0,115,,6128,10,,,0,100,,6129,10,,,0,100,,6130,10,,,0
700,'100010',528,,6131,10,,,0,30,,6141,10,,,0,70,,6132,10,,,0,18,,6159,10,,,0,12,,6142,10,,,0,70,,6133,10,,,0,30,,6143,10,,,0,80,,6152,10,,,0,70,,6134,10,,,0,30,,6153,10,,,0,70,,6135,10,,,0,30,,6160,10,,,0,70,,6136,10,,,0,30,,6161,10,,,0,70,,6137,10,,,0,39,,6162,10,,,0,75,,6138,10,,,0,35,,6144,10,,,0,75,,6139,10,,,0,75,,6145,10,,,0,35,,6140,10,,,0,75,,6146,10,,,0,40,,6147,10,,,0,84,,6154,10,,,0,70,,6148,10,,,0,30,,6155,10,,,0,70,,6149,10,,,0,30,,6156,10,,,0,85,,6150,10,,,0,30,,6157,10,,,0,70,,6151,10,,,0,30,,6158,10,,,0,70,,6163,10,,,0,30,,6164,10,,,0
700,'100011',528,,7083,10,,,0,30,,7093,10,,,0,70,,7084,10,,,0,18,,7111,10,,,0,12,,7094,10,,,0,70,,7085,10,,,0,30,,7095,10,,,0,80,,7104,10,,,0,70,,7086,10,,,0,30,,7105,10,,,0,70,,7087,10,,,0,30,,7112,10,,,0,70,,7088,10,,,0,30,,7113,10,,,0,70,,7089,10,,,0,39,,7114,10,,,0,75,,7090,10,,,0,35,,7096,10,,,0,75,,7091,10,,,0,75,,7097,10,,,0,35,,7092,10,,,0,75,,7098,10,,,0,40,,7099,10,,,0,84,,7106,10,,,0,70,,7100,10,,,0,30,,7107,10,,,0,70,,7101,10,,,0,30,,7108,10,,,0,85,,7102,10,,,0,30,,7109,10,,,0,70,,7103,10,,,0,30,,7110,10,,,0,70,,7115,10,,,0,30,,7116,10,,,0
1000900,'100000',738,,6634,11,,,0,80,,6635,11,,,0,40,,6636,11,,,0,80,,6637,11,,,0,80,,6638,11,,,0,40,,6639,11,,,0,80,,6640,11,,,0,85,,6641,11,,,0,80,,6642,11,,,0,41,,6643,11,,,0,80,,6644,11,,,0,80,,6645,11,,,0,40,,6646,11,,,0,80,,6647,11,,,0,85,,6648,11,,,0,40,,6649,11,,,0,80,,6650,11,,,0,80,,6651,11,,,0
1000900,'100009',738,,6581,11,,,0,80,,6582,11,,,0,40,,6583,11,,,0,80,,6584,11,,,0,80,,6585,11,,,0,40,,6586,11,,,0,80,,6587,11,,,0,85,,6588,11,,,0,80,,6589,11,,,0,41,,6590,11,,,0,80,,6591,11,,,0,80,,6592,11,,,0,40,,6593,11,,,0,80,,6594,11,,,0,85,,6595,11,,,0,40,,6596,11,,,0,80,,6597,11,,,0,80,,6598,11,,,0
1000900,'100010',525,,6609,11,,,0,30,,7261,11,,,0,70,,6611,11,,,0,30,,6612,11,,,0,70,,7262,11,,,0,30,,6614,11,,,0,62,,6615,11,,,0,28,,7263,11,,,0,74,,6617,11,,,0,20,,6618,11,,,0,70,,7264,11,,,0,30,,6620,11,,,0,70,,6621,11,,,0,30,,7265,11,,,0,70,,6623,11,,,0,30,,6624,11,,,0,70,,7266,11,,,0,30,,6626,11,,,0,72,,6627,11,,,0,34,,7267,11,,,0,66,,6629,11,,,0,28,,6630,11,,,0,72,,7268,11,,,0,30,,6632,11,,,0,18,,6633,11,,,0,85,,7260,11,,,0,70,,6603,11,,,0,30,,6606,11,,,0,70,,7259,11,,,0,29,,6601,11,,,0,84,,6607,11,,,0,85,,6605,11,,,0,35,,6604,11,,,0,75,,6608,11,,,0,35,,6600,11,,,0
1000900,'100011',525,,7279,11,,,0,30,,7280,11,,,0,70,,7281,11,,,0,30,,7282,11,,,0,70,,7283,11,,,0,30,,7284,11,,,0,62,,7285,11,,,0,28,,7286,11,,,0,74,,7287,11,,,0,20,,7288,11,,,0,70,,7289,11,,,0,30,,7290,11,,,0,70,,7291,11,,,0,30,,7292,11,,,0,70,,7293,11,,,0,30,,7294,11,,,0,70,,7295,11,,,0,30,,7296,11,,,0,72,,7297,11,,,0,30,,7298,11,,,0,70,,7299,11,,,0,28,,7300,11,,,0,72,,7301,11,,,0,30,,7302,11,,,0,18,,7303,11,,,0,85,,7272,11,,,0,70,,7273,11,,,0,30,,7276,11,,,0,70,,7269,11,,,0,29,,7271,11,,,0,84,,7277,11,,,0,85,,7275,11,,,0,35,,7274,11,,,0,75,,7278,11,,,0,35,,7270,11,,,0
2000900,'100000',758,,6739,11,,,0,80,,6740,11,,,0,80,,6741,11,,,0,40,,6742,11,,,0,80,,6743,11,,,0,80,,6744,11,,,0,40,,6745,11,,,0,80,,6746,11,,,0,85,,6747,11,,,0,80,,6748,11,,,0,41,,6749,11,,,0,80,,6750,11,,,0,85,,6751,11,,,0,40,,6752,11,,,0,80,,6753,11,,,0,80,,6754,11,,,0,40,,6755,11,,,0
2000900,'100009',758,,6687,11,,,0,80,,6688,11,,,0,80,,6689,11,,,0,40,,6690,11,,,0,80,,6691,11,,,0,80,,6692,11,,,0,40,,6693,11,,,0,80,,6694,11,,,0,85,,6695,11,,,0,80,,6696,11,,,0,41,,6697,11,,,0,80,,6698,11,,,0,85,,6699,11,,,0,40,,6700,11,,,0,80,,6701,11,,,0,80,,6702,11,,,0,40,,6703,11,,,0
2000900,'100010',549,,6704,11,,,0,60,,6705,11,,,0,30,,7304,11,,,0,70,,6707,11,,,0,30,,6708,11,,,0,20,,7305,11,,,0,80,,6710,11,,,0,62,,6735,11,,,0,28,,7306,11,,,0,29,,6712,11,,,0,60,,6713,11,,,0,30,,7307,11,,,0,70,,6715,11,,,0,30,,6716,11,,,0,70,,7308,11,,,0,30,,6718,11,,,0,70,,6719,11,,,0,30,,7309,11,,,0,72,,6721,11,,,0,31,,6722,11,,,0,81,,7310,11,,,0,23,,6724,11,,,0,64,,6725,11,,,0,32,,7311,11,,,0,78,,6727,11,,,0,30,,6728,11,,,0,70,,7312,11,,,0,30,,6730,11,,,0,70,,6731,11,,,0,25,,7313,11,,,0,73,,6733,11,,,0,74,,6734,11,,,0,45,,6736,11,,,0,75,,6737,11,,,0,36,,6738,11,,,0
2000900,'100011',549,,7314,11,,,0,60,,7315,11,,,0,30,,7316,11,,,0,70,,7317,11,,,0,30,,7318,11,,,0,20,,7319,11,,,0,80,,7320,11,,,0,62,,7345,11,,,0,28,,7321,11,,,0,29,,7322,11,,,0,60,,7323,11,,,0,30,,7324,11,,,0,70,,7325,11,,,0,30,,7326,11,,,0,70,,7327,11,,,0,30,,7328,11,,,0,70,,7329,11,,,0,30,,7330,11,,,0,72,,7331,11,,,0,31,,7332,11,,,0,81,,7333,11,,,0,23,,7334,11,,,0,64,,7335,11,,,0,32,,7336,11,,,0,78,,7337,11,,,0,30,,7338,11,,,0,70,,7339,11,,,0,30,,7340,11,,,0,70,,7341,11,,,0,25,,7342,11,,,0,73,,7343,11,,,0,74,,7344,11,,,0,45,,7346,11,,,0,75,,7347,11,,,0,36,,7348,11,,,0
