500,'100000',806,,5981,11,,,0,100,,5982,11,,,0,100,,5983,11,,,0,100,,5984,11,,,0,100,,5985,11,,,0,115,,5986,11,,,0,100,,5987,11,,,0,100,,5988,11,,,0,115,,5989,11,,,0,100,,5990,11,,,0,100,,5991,11,,,0
500,'100009',806,,5938,11,,,0,100,,5944,11,,,0,100,,5939,11,,,0,100,,5945,11,,,0,100,,5940,11,,,0,115,,5946,11,,,0,100,,5941,11,,,0,100,,5947,11,,,0,115,,5942,11,,,0,100,,5948,11,,,0,100,,5943,11,,,0
500,'100010',558,,5949,11,,,0,70,,5965,11,,,0,30,,5950,11,,,0,70,,5966,11,,,0,30,,5951,11,,,0,80,,5952,11,,,0,70,,5974,11,,,0,30,,5953,11,,,0,70,,5977,11,,,0,30,,5954,11,,,0,70,,5976,11,,,0,30,,5955,11,,,0,70,,5978,11,,,0,40,,5956,11,,,0,75,,5975,11,,,0,35,,5957,11,,,0,75,,5967,11,,,0,75,,5958,11,,,0,35,,5968,11,,,0,75,,5959,11,,,0,40,,5960,11,,,0,83,,5969,11,,,0,70,,5961,11,,,0,30,,5970,11,,,0,70,,5962,11,,,0,30,,5971,11,,,0,85,,5963,11,,,0,30,,5972,11,,,0,70,,5964,11,,,0,30,,5973,11,,,0,70,,5979,11,,,0,30,,5980,11,,,0
500,'100011',558,,7016,11,,,0,70,,7032,11,,,0,30,,7017,11,,,0,70,,7033,11,,,0,30,,7018,11,,,0,80,,7019,11,,,0,70,,7041,11,,,0,30,,7020,11,,,0,70,,7044,11,,,0,30,,7021,11,,,0,70,,7043,11,,,0,30,,7022,11,,,0,70,,7045,11,,,0,40,,7023,11,,,0,75,,7042,11,,,0,35,,7024,11,,,0,75,,7034,11,,,0,75,,7025,11,,,0,35,,7035,11,,,0,75,,7026,11,,,0,40,,7027,11,,,0,83,,7036,11,,,0,70,,7028,11,,,0,30,,7037,11,,,0,70,,7029,11,,,0,30,,7038,11,,,0,85,,7030,11,,,0,30,,7039,11,,,0,70,,7031,11,,,0,30,,7040,11,,,0,70,,7046,11,,,0,30,,7047,11,,,0
700,'100000',805,,6165,7,,,0,100,,6166,7,,,0,100,,6167,7,,,0,100,,6168,7,,,0,100,,6169,7,,,0,115,,6170,7,,,0,100,,6171,7,,,0,100,,6172,7,,,0,115,,6173,7,,,0,100,,6174,7,,,0,100,,6175,7,,,0
700,'100009',805,,6120,7,,,0,100,,6121,7,,,0,100,,6122,7,,,0,100,,6123,7,,,0,100,,6124,7,,,0,115,,6125,7,,,0,100,,6126,7,,,0,100,,6127,7,,,0,115,,6128,7,,,0,100,,6129,7,,,0,100,,6130,7,,,0
700,'100010',527,,6131,7,,,0,30,,6141,7,,,0,70,,6132,7,,,0,18,,6159,7,,,0,12,,6142,7,,,0,70,,6133,7,,,0,30,,6143,7,,,0,80,,6152,7,,,0,70,,6134,7,,,0,30,,6153,7,,,0,70,,6135,7,,,0,30,,6160,7,,,0,70,,6136,7,,,0,30,,6161,7,,,0,70,,6137,7,,,0,39,,6162,7,,,0,75,,6138,7,,,0,35,,6144,7,,,0,75,,6139,7,,,0,75,,6145,7,,,0,35,,6140,7,,,0,75,,6146,7,,,0,40,,6147,7,,,0,84,,6154,7,,,0,70,,6148,7,,,0,30,,6155,7,,,0,70,,6149,7,,,0,30,,6156,7,,,0,85,,6150,7,,,0,30,,6157,7,,,0,70,,6151,7,,,0,30,,6158,7,,,0,70,,6163,7,,,0,30,,6164,7,,,0
700,'100011',527,,7083,7,,,0,30,,7093,7,,,0,70,,7084,7,,,0,18,,7111,7,,,0,12,,7094,7,,,0,70,,7085,7,,,0,30,,7095,7,,,0,80,,7104,7,,,0,70,,7086,7,,,0,30,,7105,7,,,0,70,,7087,7,,,0,30,,7112,7,,,0,70,,7088,7,,,0,30,,7113,7,,,0,70,,7089,7,,,0,39,,7114,7,,,0,75,,7090,7,,,0,35,,7096,7,,,0,75,,7091,7,,,0,75,,7097,7,,,0,35,,7092,7,,,0,75,,7098,7,,,0,40,,7099,7,,,0,84,,7106,7,,,0,70,,7100,7,,,0,30,,7107,7,,,0,70,,7101,7,,,0,30,,7108,7,,,0,85,,7102,7,,,0,30,,7109,7,,,0,70,,7103,7,,,0,30,,7110,7,,,0,70,,7115,7,,,0,30,,7116,7,,,0
1000900,'100000',737,,6634,8,,,0,80,,6635,8,,,0,40,,6636,8,,,0,80,,6637,8,,,0,80,,6638,8,,,0,40,,6639,8,,,0,80,,6640,8,,,0,85,,6641,8,,,0,80,,6642,8,,,0,41,,6643,8,,,0,80,,6644,8,,,0,80,,6645,8,,,0,40,,6646,8,,,0,80,,6647,8,,,0,85,,6648,8,,,0,40,,6649,8,,,0,80,,6650,8,,,0,80,,6651,8,,,0
1000900,'100009',737,,6581,8,,,0,80,,6582,8,,,0,40,,6583,8,,,0,80,,6584,8,,,0,80,,6585,8,,,0,40,,6586,8,,,0,80,,6587,8,,,0,85,,6588,8,,,0,80,,6589,8,,,0,41,,6590,8,,,0,80,,6591,8,,,0,80,,6592,8,,,0,40,,6593,8,,,0,80,,6594,8,,,0,85,,6595,8,,,0,40,,6596,8,,,0,80,,6597,8,,,0,80,,6598,8,,,0
1000900,'100010',523,,6609,8,,,0,30,,7261,8,,,0,70,,6611,8,,,0,30,,6612,8,,,0,70,,7262,8,,,0,30,,6614,8,,,0,62,,6615,8,,,0,28,,7263,8,,,0,75,,6617,8,,,0,20,,6618,8,,,0,70,,7264,8,,,0,30,,6620,8,,,0,70,,6621,8,,,0,30,,7265,8,,,0,70,,6623,8,,,0,30,,6624,8,,,0,70,,7266,8,,,0,30,,6626,8,,,0,72,,6627,8,,,0,34,,7267,8,,,0,66,,6629,8,,,0,28,,6630,8,,,0,72,,7268,8,,,0,30,,6632,8,,,0,18,,6633,8,,,0,85,,7260,8,,,0,70,,6603,8,,,0,30,,6606,8,,,0,70,,7259,8,,,0,29,,6601,8,,,0,83,,6607,8,,,0,85,,6605,8,,,0,35,,6604,8,,,0,75,,6608,8,,,0,35,,6600,8,,,0
1000900,'100011',523,,7279,8,,,0,30,,7280,8,,,0,70,,7281,8,,,0,30,,7282,8,,,0,70,,7283,8,,,0,30,,7284,8,,,0,62,,7285,8,,,0,28,,7286,8,,,0,75,,7287,8,,,0,20,,7288,8,,,0,70,,7289,8,,,0,30,,7290,8,,,0,70,,7291,8,,,0,30,,7292,8,,,0,70,,7293,8,,,0,30,,7294,8,,,0,70,,7295,8,,,0,30,,7296,8,,,0,72,,7297,8,,,0,30,,7298,8,,,0,70,,7299,8,,,0,28,,7300,8,,,0,72,,7301,8,,,0,30,,7302,8,,,0,18,,7303,8,,,0,85,,7272,8,,,0,70,,7273,8,,,0,30,,7276,8,,,0,70,,7269,8,,,0,29,,7271,8,,,0,83,,7277,8,,,0,85,,7275,8,,,0,35,,7274,8,,,0,75,,7278,8,,,0,35,,7270,8,,,0
2000900,'100000',757,,6739,8,,,0,80,,6740,8,,,0,80,,6741,8,,,0,40,,6742,8,,,0,80,,6743,8,,,0,80,,6744,8,,,0,40,,6745,8,,,0,80,,6746,8,,,0,85,,6747,8,,,0,80,,6748,8,,,0,41,,6749,8,,,0,80,,6750,8,,,0,85,,6751,8,,,0,40,,6752,8,,,0,80,,6753,8,,,0,80,,6754,8,,,0,40,,6755,8,,,0
2000900,'100009',757,,6687,8,,,0,80,,6688,8,,,0,80,,6689,8,,,0,40,,6690,8,,,0,80,,6691,8,,,0,80,,6692,8,,,0,40,,6693,8,,,0,80,,6694,8,,,0,85,,6695,8,,,0,80,,6696,8,,,0,41,,6697,8,,,0,80,,6698,8,,,0,85,,6699,8,,,0,40,,6700,8,,,0,80,,6701,8,,,0,80,,6702,8,,,0,40,,6703,8,,,0
2000900,'100010',547,,6704,8,,,0,60,,6705,8,,,0,30,,7304,8,,,0,70,,6707,8,,,0,30,,6708,8,,,0,20,,7305,8,,,0,80,,6710,8,,,0,22,,6735,8,,,0,68,,7306,8,,,0,30,,6712,8,,,0,60,,6713,8,,,0,30,,7307,8,,,0,70,,6715,8,,,0,30,,6716,8,,,0,70,,7308,8,,,0,30,,6718,8,,,0,70,,6719,8,,,0,30,,7309,8,,,0,72,,6721,8,,,0,31,,6722,8,,,0,81,,7310,8,,,0,23,,6724,8,,,0,64,,6725,8,,,0,32,,7311,8,,,0,78,,6727,8,,,0,30,,6728,8,,,0,70,,7312,8,,,0,30,,6730,8,,,0,70,,6731,8,,,0,25,,7313,8,,,0,72,,6733,8,,,0,34,,6734,8,,,0,85,,6736,8,,,0,75,,6737,8,,,0,36,,6738,8,,,0
2000900,'100011',547,,7314,8,,,0,60,,7315,8,,,0,30,,7316,8,,,0,70,,7317,8,,,0,30,,7318,8,,,0,20,,7319,8,,,0,80,,7320,8,,,0,22,,7345,8,,,0,68,,7321,8,,,0,30,,7322,8,,,0,60,,7323,8,,,0,30,,7324,8,,,0,70,,7325,8,,,0,30,,7326,8,,,0,70,,7327,8,,,0,30,,7328,8,,,0,70,,7329,8,,,0,30,,7330,8,,,0,72,,7331,8,,,0,31,,7332,8,,,0,81,,7333,8,,,0,23,,7334,8,,,0,64,,7335,8,,,0,32,,7336,8,,,0,78,,7337,8,,,0,30,,7338,8,,,0,70,,7339,8,,,0,30,,7340,8,,,0,70,,7341,8,,,0,25,,7342,8,,,0,72,,7343,8,,,0,34,,7344,8,,,0,85,,7346,8,,,0,75,,7347,8,,,0,36,,7348,8,,,0
