700,'100000',813,,6165,20,,,0,100,,6166,20,,,0,100,,6167,20,,,0,100,,6168,20,,,0,100,,6169,20,,,0,115,,6170,20,,,0,100,,6171,20,,,0,100,,6172,20,,,0,115,,6173,20,,,0,100,,6174,20,,,0,100,,6175,20,,,0
700,'100009',813,,6120,20,,,0,100,,6121,20,,,0,100,,6122,20,,,0,100,,6123,20,,,0,100,,6124,20,,,0,115,,6125,20,,,0,100,,6126,20,,,0,100,,6127,20,,,0,115,,6128,20,,,0,100,,6129,20,,,0,100,,6130,20,,,0
700,'100010',535,,6131,20,,,0,70,,6141,20,,,0,30,,6132,20,,,0,18,,6159,20,,,0,52,,6142,20,,,0,30,,6133,20,,,0,70,,6143,20,,,0,40,,6152,20,,,0,70,,6134,20,,,0,30,,6153,20,,,0,70,,6135,20,,,0,30,,6160,20,,,0,70,,6136,20,,,0,30,,6161,20,,,0,70,,6137,20,,,0,41,,6162,20,,,0,75,,6138,20,,,0,75,,6144,20,,,0,35,,6139,20,,,0,75,,6145,20,,,0,35,,6140,20,,,0,75,,6146,20,,,0,80,,6147,20,,,0,42,,6154,20,,,0,70,,6148,20,,,0,30,,6155,20,,,0,70,,6149,20,,,0,30,,6156,20,,,0,86,,6150,20,,,0,70,,6157,20,,,0,30,,6151,20,,,0,70,,6158,20,,,0,30,,6163,20,,,0,70,,6164,20,,,0
700,'100011',535,,7083,20,,,0,70,,7093,20,,,0,30,,7084,20,,,0,18,,7111,20,,,0,52,,7094,20,,,0,30,,7085,20,,,0,70,,7095,20,,,0,40,,7104,20,,,0,70,,7086,20,,,0,30,,7105,20,,,0,70,,7087,20,,,0,30,,7112,20,,,0,70,,7088,20,,,0,30,,7113,20,,,0,70,,7089,20,,,0,41,,7114,20,,,0,75,,7090,20,,,0,75,,7096,20,,,0,35,,7091,20,,,0,75,,7097,20,,,0,35,,7092,20,,,0,75,,7098,20,,,0,80,,7099,20,,,0,42,,7106,20,,,0,70,,7100,20,,,0,30,,7107,20,,,0,70,,7101,20,,,0,30,,7108,20,,,0,86,,7102,20,,,0,70,,7109,20,,,0,30,,7103,20,,,0,70,,7110,20,,,0,30,,7115,20,,,0,70,,7116,20,,,0
5000,'100010',737,,6528,22,,,0
5001,'100010',1525,,6529,35,,,0
5100,'100010',742,,6530,22,,,0
5101,'100010',1503,,6531,33,,,0
5300,'100010',748,,7253,11,,,0
5301,'100010',1539,,6537,35,,,0
