200,'100000',733,,5476,29,,,0,70,,5454,29,,,0,30,,5455,29,,,0,70,,5456,29,,,0,30,,5457,29,,,0,70,,5458,29,,,0,30,,5459,29,,,0,70,,5460,29,,,0,30,,5461,29,,,0,70,,5462,29,,,0,45,,5477,5,,,0,70,,5464,29,,,0,30,,5465,29,,,0,70,,5466,29,,,0,30,,5467,29,,,0,70,,5468,29,,,0,30,,5469,29,,,0,85,,5478,5,,,0,70,,5471,29,,,0,30,,5472,29,,,0,70,,5473,29,,,0,30,,5474,29,,,0,70,,5475,29,,,0,30,,5470,29,,,0
200,'100009',733,,5415,29,,,0,70,,5414,29,,,0,30,,5395,29,,,0,70,,5394,29,,,0,30,,5396,29,,,0,70,,5397,29,,,0,30,,5398,29,,,0,70,,5399,29,,,0,30,,5400,29,,,0,70,,5401,29,,,0,45,,5419,5,,,0,70,,5402,29,,,0,30,,5403,29,,,0,70,,5404,29,,,0,30,,5405,29,,,0,70,,5406,29,,,0,30,,5407,29,,,0,85,,5417,5,,,0,70,,5408,29,,,0,30,,5409,29,,,0,70,,5410,29,,,0,30,,5411,29,,,0,70,,5412,29,,,0,30,,5413,29,,,0
200,'100010',555,,5420,29,,,0,70,,5429,29,,,0,30,,5421,29,,,0,70,,5430,29,,,0,30,,5422,29,,,0,150,,5423,29,,,0,100,,5424,29,,,0,100,,5425,29,,,0,100,,5426,29,,,0,113,,5427,29,,,0,110,,5428,29,,,0,110,,5445,29,,,0,75,,5438,29,,,0,35,,5446,29,,,0,89,,5439,29,,,0,71,,5440,29,,,0,30,,5447,29,,,0,70,,5441,29,,,0,30,,5448,29,,,0,85,,5442,29,,,0,30,,5449,29,,,0,70,,5443,29,,,0,30,,5450,29,,,0,70,,5444,29,,,0,30,,5451,29,,,0,70,,5452,29,,,0
200,'100011',835,,6825,29,,,0,100,,6826,29,,,0,100,,6827,29,,,0,100,,6828,29,,,0,108,,6832,5,,,0,110,,6830,29,,,0,150,,6831,29,,,0
200,'100012',555,,6833,29,,,0,70,,6842,29,,,0,30,,6834,29,,,0,70,,6843,29,,,0,30,,6835,29,,,0,80,,6844,29,,,0,70,,6836,29,,,0,30,,6845,29,,,0,70,,6837,29,,,0,30,,6846,29,,,0,70,,6838,29,,,0,30,,6847,29,,,0,70,,6839,29,,,0,38,,6866,5,,,0,75,,6840,29,,,0,35,,6849,29,,,0,75,,6841,29,,,0,75,,6850,29,,,0,35,,6858,29,,,0,75,,6851,29,,,0,35,,6859,29,,,0,89,,6852,29,,,0,71,,6853,29,,,0,30,,6860,29,,,0,70,,6854,29,,,0,30,,6861,29,,,0,85,,6855,29,,,0,30,,6862,29,,,0,70,,6856,29,,,0,30,,6863,29,,,0,70,,6857,29,,,0,30,,6864,29,,,0,70,,6865,29,,,0
200,'100036',835,,5431,29,,,0,100,,5432,29,,,0,100,,5433,29,,,0,100,,5434,29,,,0,108,,5453,5,,,0,110,,5436,29,,,0,150,,5437,29,,,0
2101,'100000',733,,6444,5,,,0,75,,6445,5,,,0,35,,6446,5,,,0,75,,6447,5,,,0,35,,6448,5,,,0,75,,6449,5,,,0,75,,6450,5,,,0,35,,6451,5,,,0,75,,6452,5,,,0,35,,6453,5,,,0,75,,6454,5,,,0,35,,6455,5,,,0,75,,6456,5,,,0,75,,6457,5,,,0,35,,6458,5,,,0,75,,6459,5,,,0,35,,6460,5,,,0,80,,6461,5,,,0,75,,6462,5,,,0,35,,6463,5,,,0
2101,'100009',733,,6401,5,,,0,75,,6394,5,,,0,35,,6402,5,,,0,75,,6395,5,,,0,35,,6412,5,,,0,75,,6410,5,,,0,75,,6403,5,,,0,36,,6396,5,,,0,74,,6404,5,,,0,35,,6397,5,,,0,75,,6405,5,,,0,35,,6398,5,,,0,75,,6406,5,,,0,75,,6399,5,,,0,35,,6413,5,,,0,75,,6409,5,,,0,35,,6407,5,,,0,80,,6400,5,,,0,75,,6408,5,,,0,35,,6411,5,,,0
2101,'100010',555,,6427,5,,,0,73,,6414,5,,,0,77,,6428,5,,,0,35,,6415,5,,,0,74,,6429,5,,,0,36,,6416,5,,,0,75,,6430,5,,,0,75,,6417,5,,,0,35,,6431,5,,,0,75,,6418,5,,,0,35,,6432,5,,,0,75,,6419,5,,,0,35,,6433,5,,,0,75,,6420,5,,,0,75,,6434,5,,,0,35,,6421,5,,,0,75,,6435,5,,,0,35,,6422,5,,,0,75,,6436,5,,,0,80,,6423,5,,,0,35,,6437,5,,,0,75,,6424,5,,,0,37,,6438,5,,,0,73,,6425,5,,,0,79,,6439,5,,,0,49,,6426,5,,,0,70,,6440,5,,,0,30,,6443,5,,,0,70,,6442,5,,,0,30,,6441,5,,,0
2101,'100012',555,,7203,5,,,0,73,,7190,5,,,0,77,,7204,5,,,0,35,,7191,5,,,0,74,,7205,5,,,0,36,,7192,5,,,0,75,,7206,5,,,0,75,,7193,5,,,0,35,,7207,5,,,0,75,,7194,5,,,0,35,,7208,5,,,0,75,,7195,5,,,0,35,,7209,5,,,0,75,,7196,5,,,0,75,,7210,5,,,0,35,,7197,5,,,0,75,,7211,5,,,0,35,,7198,5,,,0,75,,7212,5,,,0,80,,7199,5,,,0,35,,7213,5,,,0,75,,7200,5,,,0,37,,7214,5,,,0,73,,7201,5,,,0,79,,7215,5,,,0,49,,7202,5,,,0,70,,7216,5,,,0,30,,7219,5,,,0,70,,7218,5,,,0,30,,7217,5,,,0
3101,'100010',524,,6512,5,0,41 42 2 5 6,0,30,,6513,5,0,41 42 2 5 6,0,70,,6514,5,0,41 42 2 5 6,0,30,,6515,5,0,41 42 2 5 6,0,70,,6516,5,0,41 42 2 5 6,0,30,,6517,5,0,41 42 2 5 6,0,70,,6518,5,0,41 42 2 5 6,0,30,,6519,5,0,41 42 2 5 6,0,573,,6520,5,0,41 42 2 5 6,0,75,,6521,5,0,41 42 2 5 6,0,35,,6522,5,0,41 42 2 5 6,0,75,,6523,5,0,41 42 2 5 6,0,40,,6524,5,0,41 42 2 5 6,0,85,,6525,5,0,41 42 2 5 6,0,70,,6526,5,0,41 42 2 5 6,0,30,,6527,5,0,41 42 2 5 6,0
3101,'100012',524,,7236,5,0,41 42 2 5 6,0,30,,7237,5,0,41 42 2 5 6,0,70,,7238,5,0,41 42 2 5 6,0,30,,7239,5,0,41 42 2 5 6,0,70,,7240,5,0,41 42 2 5 6,0,30,,7241,5,0,41 42 2 5 6,0,70,,7242,5,0,41 42 2 5 6,0,30,,7243,5,0,41 42 2 5 6,0,573,,7244,5,0,41 42 2 5 6,0,75,,7245,5,0,41 42 2 5 6,0,35,,7246,5,0,41 42 2 5 6,0,75,,7247,5,0,41 42 2 5 6,0,40,,7248,5,0,41 42 2 5 6,0,85,,7249,5,0,41 42 2 5 6,0,70,,7250,5,0,41 42 2 5 6,0,30,,7251,5,0,41 42 2 5 6,0
