700,'100000',815,,6165,24,,,0,100,,6166,24,,,0,100,,6167,24,,,0,100,,6168,24,,,0,100,,6169,24,,,0,115,,6170,24,,,0,100,,6171,24,,,0,100,,6172,24,,,0,115,,6173,24,,,0,100,,6174,24,,,0,100,,6175,24,,,0
700,'100009',815,,6120,24,,,0,100,,6121,24,,,0,100,,6122,24,,,0,100,,6123,24,,,0,100,,6124,24,,,0,115,,6125,24,,,0,100,,6126,24,,,0,100,,6127,24,,,0,115,,6128,24,,,0,100,,6129,24,,,0,100,,6130,24,,,0
700,'100010',537,,6131,24,,,0,70,,6141,24,,,0,30,,6132,24,,,0,18,,6159,24,,,0,52,,6142,24,,,0,30,,6133,24,,,0,70,,6143,24,,,0,40,,6152,24,,,0,70,,6134,24,,,0,30,,6153,24,,,0,70,,6135,24,,,0,30,,6160,24,,,0,70,,6136,24,,,0,30,,6161,24,,,0,70,,6137,24,,,0,41,,6162,24,,,0,75,,6138,24,,,0,75,,6144,24,,,0,35,,6139,24,,,0,75,,6145,24,,,0,35,,6140,24,,,0,75,,6146,24,,,0,80,,6147,24,,,0,42,,6154,24,,,0,70,,6148,24,,,0,30,,6155,24,,,0,70,,6149,24,,,0,30,,6156,24,,,0,86,,6150,24,,,0,70,,6157,24,,,0,30,,6151,24,,,0,70,,6158,24,,,0,30,,6163,24,,,0,70,,6164,24,,,0
700,'100012',537,,7083,24,,,0,70,,7093,24,,,0,30,,7084,24,,,0,18,,7111,24,,,0,52,,7094,24,,,0,30,,7085,24,,,0,70,,7095,24,,,0,40,,7104,24,,,0,70,,7086,24,,,0,30,,7105,24,,,0,70,,7087,24,,,0,30,,7112,24,,,0,70,,7088,24,,,0,30,,7113,24,,,0,70,,7089,24,,,0,41,,7114,24,,,0,75,,7090,24,,,0,75,,7096,24,,,0,35,,7091,24,,,0,75,,7097,24,,,0,35,,7092,24,,,0,75,,7098,24,,,0,80,,7099,24,,,0,42,,7106,24,,,0,70,,7100,24,,,0,30,,7107,24,,,0,70,,7101,24,,,0,30,,7108,24,,,0,86,,7102,24,,,0,70,,7109,24,,,0,30,,7103,24,,,0,70,,7110,24,,,0,30,,7115,24,,,0,70,,7116,24,,,0
5000,'100010',739,,6528,26,,,0
5001,'100010',1528,,6529,39,,,0
5100,'100010',745,,6530,26,,,0
5101,'100010',1506,,6531,37,,,0
5300,'100011',743,,7253,2,,,0
5300,'100036',743,,6536,2,,,0
5301,'100010',1534,,6537,26,,,0
