700,'100000',803,,6165,4,,,0,100,,6166,4,,,0,100,,6167,4,,,0,100,,6168,4,,,0,100,,6169,4,,,0,115,,6170,4,,,0,100,,6171,4,,,0,100,,6172,4,,,0,115,,6173,4,,,0,100,,6174,4,,,0,100,,6175,4,,,0
700,'100009',803,,6120,4,,,0,100,,6121,4,,,0,100,,6122,4,,,0,100,,6123,4,,,0,100,,6124,4,,,0,115,,6125,4,,,0,100,,6126,4,,,0,100,,6127,4,,,0,115,,6128,4,,,0,100,,6129,4,,,0,100,,6130,4,,,0
700,'100010',525,,6131,4,,,0,30,,6141,4,,,0,70,,6132,4,,,0,18,,6159,4,,,0,12,,6142,4,,,0,70,,6133,4,,,0,30,,6143,4,,,0,80,,6152,4,,,0,70,,6134,4,,,0,30,,6153,4,,,0,70,,6135,4,,,0,30,,6160,4,,,0,70,,6136,4,,,0,30,,6161,4,,,0,70,,6137,4,,,0,39,,6162,4,,,0,75,,6138,4,,,0,35,,6144,4,,,0,75,,6139,4,,,0,75,,6145,4,,,0,35,,6140,4,,,0,75,,6146,4,,,0,40,,6147,4,,,0,84,,6154,4,,,0,70,,6148,4,,,0,30,,6155,4,,,0,70,,6149,4,,,0,30,,6156,4,,,0,85,,6150,4,,,0,30,,6157,4,,,0,70,,6151,4,,,0,30,,6158,4,,,0,70,,6163,4,,,0,30,,6164,4,,,0
700,'100011',525,,7083,4,,,0,30,,7093,4,,,0,70,,7084,4,,,0,18,,7111,4,,,0,12,,7094,4,,,0,70,,7085,4,,,0,30,,7095,4,,,0,80,,7104,4,,,0,70,,7086,4,,,0,30,,7105,4,,,0,70,,7087,4,,,0,30,,7112,4,,,0,70,,7088,4,,,0,30,,7113,4,,,0,70,,7089,4,,,0,39,,7114,4,,,0,75,,7090,4,,,0,35,,7096,4,,,0,75,,7091,4,,,0,75,,7097,4,,,0,35,,7092,4,,,0,75,,7098,4,,,0,40,,7099,4,,,0,84,,7106,4,,,0,70,,7100,4,,,0,30,,7107,4,,,0,70,,7101,4,,,0,30,,7108,4,,,0,85,,7102,4,,,0,30,,7109,4,,,0,70,,7103,4,,,0,30,,7110,4,,,0,70,,7115,4,,,0,30,,7116,4,,,0
1000900,'100000',735,,6634,5,,,0,80,,6635,5,,,0,40,,6636,5,,,0,80,,6637,5,,,0,80,,6638,5,,,0,40,,6639,5,,,0,80,,6640,5,,,0,85,,6641,5,,,0,80,,6642,5,,,0,41,,6643,5,,,0,80,,6644,5,,,0,80,,6645,5,,,0,40,,6646,5,,,0,80,,6647,5,,,0,85,,6648,5,,,0,40,,6649,5,,,0,80,,6650,5,,,0,80,,6651,5,,,0
1000900,'100009',735,,6581,5,,,0,80,,6582,5,,,0,40,,6583,5,,,0,80,,6584,5,,,0,80,,6585,5,,,0,40,,6586,5,,,0,80,,6587,5,,,0,85,,6588,5,,,0,80,,6589,5,,,0,41,,6590,5,,,0,80,,6591,5,,,0,80,,6592,5,,,0,40,,6593,5,,,0,80,,6594,5,,,0,85,,6595,5,,,0,40,,6596,5,,,0,80,,6597,5,,,0,80,,6598,5,,,0
1000900,'100010',522,,6609,5,,,0,30,,7261,5,,,0,70,,6611,5,,,0,30,,6612,5,,,0,70,,7262,5,,,0,30,,6614,5,,,0,62,,6615,5,,,0,28,,7263,5,,,0,75,,6617,5,,,0,20,,6618,5,,,0,70,,7264,5,,,0,30,,6620,5,,,0,70,,6621,5,,,0,30,,7265,5,,,0,70,,6623,5,,,0,30,,6624,5,,,0,70,,7266,5,,,0,30,,6626,5,,,0,71,,6627,5,,,0,34,,7267,5,,,0,66,,6629,5,,,0,28,,6630,5,,,0,72,,7268,5,,,0,30,,6632,5,,,0,18,,6633,5,,,0,85,,7260,5,,,0,70,,6603,5,,,0,30,,6606,5,,,0,70,,7259,5,,,0,29,,6601,5,,,0,84,,6607,5,,,0,85,,6605,5,,,0,35,,6604,5,,,0,75,,6608,5,,,0,35,,6600,5,,,0
1000900,'100011',522,,7279,5,,,0,30,,7280,5,,,0,70,,7281,5,,,0,30,,7282,5,,,0,70,,7283,5,,,0,30,,7284,5,,,0,62,,7285,5,,,0,28,,7286,5,,,0,75,,7287,5,,,0,20,,7288,5,,,0,70,,7289,5,,,0,30,,7290,5,,,0,70,,7291,5,,,0,30,,7292,5,,,0,70,,7293,5,,,0,30,,7294,5,,,0,70,,7295,5,,,0,30,,7296,5,,,0,71,,7297,5,,,0,30,,7298,5,,,0,70,,7299,5,,,0,28,,7300,5,,,0,72,,7301,5,,,0,30,,7302,5,,,0,18,,7303,5,,,0,85,,7272,5,,,0,70,,7273,5,,,0,30,,7276,5,,,0,70,,7269,5,,,0,29,,7271,5,,,0,84,,7277,5,,,0,85,,7275,5,,,0,35,,7274,5,,,0,75,,7278,5,,,0,35,,7270,5,,,0
2000900,'100000',755,,6739,5,,,0,80,,6740,5,,,0,80,,6741,5,,,0,40,,6742,5,,,0,80,,6743,5,,,0,80,,6744,5,,,0,40,,6745,5,,,0,80,,6746,5,,,0,85,,6747,5,,,0,80,,6748,5,,,0,41,,6749,5,,,0,80,,6750,5,,,0,85,,6751,5,,,0,40,,6752,5,,,0,80,,6753,5,,,0,80,,6754,5,,,0,40,,6755,5,,,0
2000900,'100009',755,,6687,5,,,0,80,,6688,5,,,0,80,,6689,5,,,0,40,,6690,5,,,0,80,,6691,5,,,0,80,,6692,5,,,0,40,,6693,5,,,0,80,,6694,5,,,0,85,,6695,5,,,0,80,,6696,5,,,0,41,,6697,5,,,0,80,,6698,5,,,0,85,,6699,5,,,0,40,,6700,5,,,0,80,,6701,5,,,0,80,,6702,5,,,0,40,,6703,5,,,0
2000900,'100010',546,,6704,5,,,0,60,,6705,5,,,0,30,,7304,5,,,0,70,,6707,5,,,0,30,,6708,5,,,0,20,,7305,5,,,0,80,,6710,5,,,0,22,,6735,5,,,0,68,,7306,5,,,0,30,,6712,5,,,0,60,,6713,5,,,0,30,,7307,5,,,0,70,,6715,5,,,0,30,,6716,5,,,0,70,,7308,5,,,0,30,,6718,5,,,0,70,,6719,5,,,0,30,,7309,5,,,0,71,,6721,5,,,0,31,,6722,5,,,0,81,,7310,5,,,0,23,,6724,5,,,0,64,,6725,5,,,0,32,,7311,5,,,0,78,,6727,5,,,0,30,,6728,5,,,0,70,,7312,5,,,0,30,,6730,5,,,0,70,,6731,5,,,0,25,,7313,5,,,0,73,,6733,5,,,0,34,,6734,5,,,0,85,,6736,5,,,0,75,,6737,5,,,0,36,,6738,5,,,0
2000900,'100011',546,,7314,5,,,0,60,,7315,5,,,0,30,,7316,5,,,0,70,,7317,5,,,0,30,,7318,5,,,0,20,,7319,5,,,0,80,,7320,5,,,0,22,,7345,5,,,0,68,,7321,5,,,0,30,,7322,5,,,0,60,,7323,5,,,0,30,,7324,5,,,0,70,,7325,5,,,0,30,,7326,5,,,0,70,,7327,5,,,0,30,,7328,5,,,0,70,,7329,5,,,0,30,,7330,5,,,0,71,,7331,5,,,0,31,,7332,5,,,0,81,,7333,5,,,0,23,,7334,5,,,0,64,,7335,5,,,0,32,,7336,5,,,0,78,,7337,5,,,0,30,,7338,5,,,0,70,,7339,5,,,0,30,,7340,5,,,0,70,,7341,5,,,0,25,,7342,5,,,0,73,,7343,5,,,0,34,,7344,5,,,0,85,,7346,5,,,0,75,,7347,5,,,0,36,,7348,5,,,0
