500,'100000',806,,5981,12,,,0,100,,5982,12,,,0,100,,5983,12,,,0,100,,5984,12,,,0,100,,5985,12,,,0,115,,5986,12,,,0,100,,5987,12,,,0,100,,5988,12,,,0,115,,5989,12,,,0,100,,5990,12,,,0,100,,5991,12,,,0
500,'100009',806,,5938,12,,,0,100,,5944,12,,,0,100,,5939,12,,,0,100,,5945,12,,,0,100,,5940,12,,,0,115,,5946,12,,,0,100,,5941,12,,,0,100,,5947,12,,,0,115,,5942,12,,,0,100,,5948,12,,,0,100,,5943,12,,,0
500,'100010',558,,5949,12,,,0,70,,5965,12,,,0,30,,5950,12,,,0,70,,5966,12,,,0,30,,5951,12,,,0,80,,5952,12,,,0,70,,5974,12,,,0,30,,5953,12,,,0,70,,5977,12,,,0,30,,5954,12,,,0,70,,5976,12,,,0,30,,5955,12,,,0,70,,5978,12,,,0,40,,5956,12,,,0,75,,5975,12,,,0,35,,5957,12,,,0,75,,5967,12,,,0,75,,5958,12,,,0,35,,5968,12,,,0,75,,5959,12,,,0,40,,5960,12,,,0,83,,5969,12,,,0,70,,5961,12,,,0,30,,5970,12,,,0,70,,5962,12,,,0,30,,5971,12,,,0,85,,5963,12,,,0,30,,5972,12,,,0,70,,5964,12,,,0,30,,5973,12,,,0,70,,5979,12,,,0,30,,5980,12,,,0
500,'100011',558,,7016,12,,,0,70,,7032,12,,,0,30,,7017,12,,,0,70,,7033,12,,,0,30,,7018,12,,,0,80,,7019,12,,,0,70,,7041,12,,,0,30,,7020,12,,,0,70,,7044,12,,,0,30,,7021,12,,,0,70,,7043,12,,,0,30,,7022,12,,,0,70,,7045,12,,,0,40,,7023,12,,,0,75,,7042,12,,,0,35,,7024,12,,,0,75,,7034,12,,,0,75,,7025,12,,,0,35,,7035,12,,,0,75,,7026,12,,,0,40,,7027,12,,,0,83,,7036,12,,,0,70,,7028,12,,,0,30,,7037,12,,,0,70,,7029,12,,,0,30,,7038,12,,,0,85,,7030,12,,,0,30,,7039,12,,,0,70,,7031,12,,,0,30,,7040,12,,,0,70,,7046,12,,,0,30,,7047,12,,,0
700,'100000',805,,6165,8,,,0,100,,6166,8,,,0,100,,6167,8,,,0,100,,6168,8,,,0,100,,6169,8,,,0,115,,6170,8,,,0,100,,6171,8,,,0,100,,6172,8,,,0,115,,6173,8,,,0,100,,6174,8,,,0,100,,6175,8,,,0
700,'100009',805,,6120,8,,,0,100,,6121,8,,,0,100,,6122,8,,,0,100,,6123,8,,,0,100,,6124,8,,,0,115,,6125,8,,,0,100,,6126,8,,,0,100,,6127,8,,,0,115,,6128,8,,,0,100,,6129,8,,,0,100,,6130,8,,,0
700,'100010',527,,6131,8,,,0,30,,6141,8,,,0,70,,6132,8,,,0,18,,6159,8,,,0,12,,6142,8,,,0,70,,6133,8,,,0,30,,6143,8,,,0,80,,6152,8,,,0,70,,6134,8,,,0,30,,6153,8,,,0,70,,6135,8,,,0,30,,6160,8,,,0,70,,6136,8,,,0,30,,6161,8,,,0,70,,6137,8,,,0,39,,6162,8,,,0,75,,6138,8,,,0,35,,6144,8,,,0,75,,6139,8,,,0,75,,6145,8,,,0,35,,6140,8,,,0,75,,6146,8,,,0,40,,6147,8,,,0,84,,6154,8,,,0,70,,6148,8,,,0,30,,6155,8,,,0,70,,6149,8,,,0,30,,6156,8,,,0,85,,6150,8,,,0,30,,6157,8,,,0,70,,6151,8,,,0,30,,6158,8,,,0,70,,6163,8,,,0,30,,6164,8,,,0
700,'100011',527,,7083,8,,,0,30,,7093,8,,,0,70,,7084,8,,,0,18,,7111,8,,,0,12,,7094,8,,,0,70,,7085,8,,,0,30,,7095,8,,,0,80,,7104,8,,,0,70,,7086,8,,,0,30,,7105,8,,,0,70,,7087,8,,,0,30,,7112,8,,,0,70,,7088,8,,,0,30,,7113,8,,,0,70,,7089,8,,,0,39,,7114,8,,,0,75,,7090,8,,,0,35,,7096,8,,,0,75,,7091,8,,,0,75,,7097,8,,,0,35,,7092,8,,,0,75,,7098,8,,,0,40,,7099,8,,,0,84,,7106,8,,,0,70,,7100,8,,,0,30,,7107,8,,,0,70,,7101,8,,,0,30,,7108,8,,,0,85,,7102,8,,,0,30,,7109,8,,,0,70,,7103,8,,,0,30,,7110,8,,,0,70,,7115,8,,,0,30,,7116,8,,,0
1000900,'100000',737,,6634,9,,,0,80,,6635,9,,,0,40,,6636,9,,,0,80,,6637,9,,,0,80,,6638,9,,,0,40,,6639,9,,,0,80,,6640,9,,,0,85,,6641,9,,,0,80,,6642,9,,,0,41,,6643,9,,,0,80,,6644,9,,,0,80,,6645,9,,,0,40,,6646,9,,,0,80,,6647,9,,,0,85,,6648,9,,,0,40,,6649,9,,,0,80,,6650,9,,,0,80,,6651,9,,,0
1000900,'100009',737,,6581,9,,,0,80,,6582,9,,,0,40,,6583,9,,,0,80,,6584,9,,,0,80,,6585,9,,,0,40,,6586,9,,,0,80,,6587,9,,,0,85,,6588,9,,,0,80,,6589,9,,,0,41,,6590,9,,,0,80,,6591,9,,,0,80,,6592,9,,,0,40,,6593,9,,,0,80,,6594,9,,,0,85,,6595,9,,,0,40,,6596,9,,,0,80,,6597,9,,,0,80,,6598,9,,,0
1000900,'100010',524,,6609,9,,,0,30,,7261,9,,,0,70,,6611,9,,,0,30,,6612,9,,,0,70,,7262,9,,,0,30,,6614,9,,,0,62,,6615,9,,,0,28,,7263,9,,,0,74,,6617,9,,,0,20,,6618,9,,,0,70,,7264,9,,,0,30,,6620,9,,,0,70,,6621,9,,,0,30,,7265,9,,,0,70,,6623,9,,,0,30,,6624,9,,,0,70,,7266,9,,,0,30,,6626,9,,,0,72,,6627,9,,,0,34,,7267,9,,,0,66,,6629,9,,,0,28,,6630,9,,,0,72,,7268,9,,,0,30,,6632,9,,,0,18,,6633,9,,,0,85,,7260,9,,,0,70,,6603,9,,,0,30,,6606,9,,,0,70,,7259,9,,,0,29,,6601,9,,,0,84,,6607,9,,,0,85,,6605,9,,,0,35,,6604,9,,,0,75,,6608,9,,,0,35,,6600,9,,,0
1000900,'100011',524,,7279,9,,,0,30,,7280,9,,,0,70,,7281,9,,,0,30,,7282,9,,,0,70,,7283,9,,,0,30,,7284,9,,,0,62,,7285,9,,,0,28,,7286,9,,,0,74,,7287,9,,,0,20,,7288,9,,,0,70,,7289,9,,,0,30,,7290,9,,,0,70,,7291,9,,,0,30,,7292,9,,,0,70,,7293,9,,,0,30,,7294,9,,,0,70,,7295,9,,,0,30,,7296,9,,,0,72,,7297,9,,,0,30,,7298,9,,,0,70,,7299,9,,,0,28,,7300,9,,,0,72,,7301,9,,,0,30,,7302,9,,,0,18,,7303,9,,,0,85,,7272,9,,,0,70,,7273,9,,,0,30,,7276,9,,,0,70,,7269,9,,,0,29,,7271,9,,,0,84,,7277,9,,,0,85,,7275,9,,,0,35,,7274,9,,,0,75,,7278,9,,,0,35,,7270,9,,,0
2000900,'100000',757,,6739,9,,,0,80,,6740,9,,,0,80,,6741,9,,,0,40,,6742,9,,,0,80,,6743,9,,,0,80,,6744,9,,,0,40,,6745,9,,,0,80,,6746,9,,,0,85,,6747,9,,,0,80,,6748,9,,,0,41,,6749,9,,,0,80,,6750,9,,,0,85,,6751,9,,,0,40,,6752,9,,,0,80,,6753,9,,,0,80,,6754,9,,,0,40,,6755,9,,,0
2000900,'100009',757,,6687,9,,,0,80,,6688,9,,,0,80,,6689,9,,,0,40,,6690,9,,,0,80,,6691,9,,,0,80,,6692,9,,,0,40,,6693,9,,,0,80,,6694,9,,,0,85,,6695,9,,,0,80,,6696,9,,,0,41,,6697,9,,,0,80,,6698,9,,,0,85,,6699,9,,,0,40,,6700,9,,,0,80,,6701,9,,,0,80,,6702,9,,,0,40,,6703,9,,,0
2000900,'100010',548,,6704,9,,,0,60,,6705,9,,,0,30,,7304,9,,,0,70,,6707,9,,,0,30,,6708,9,,,0,20,,7305,9,,,0,80,,6710,9,,,0,62,,6735,9,,,0,28,,7306,9,,,0,29,,6712,9,,,0,60,,6713,9,,,0,30,,7307,9,,,0,70,,6715,9,,,0,30,,6716,9,,,0,70,,7308,9,,,0,30,,6718,9,,,0,70,,6719,9,,,0,30,,7309,9,,,0,72,,6721,9,,,0,31,,6722,9,,,0,81,,7310,9,,,0,23,,6724,9,,,0,64,,6725,9,,,0,32,,7311,9,,,0,78,,6727,9,,,0,30,,6728,9,,,0,70,,7312,9,,,0,30,,6730,9,,,0,70,,6731,9,,,0,25,,7313,9,,,0,73,,6733,9,,,0,74,,6734,9,,,0,45,,6736,9,,,0,75,,6737,9,,,0,36,,6738,9,,,0
2000900,'100011',548,,7314,9,,,0,60,,7315,9,,,0,30,,7316,9,,,0,70,,7317,9,,,0,30,,7318,9,,,0,20,,7319,9,,,0,80,,7320,9,,,0,62,,7345,9,,,0,28,,7321,9,,,0,29,,7322,9,,,0,60,,7323,9,,,0,30,,7324,9,,,0,70,,7325,9,,,0,30,,7326,9,,,0,70,,7327,9,,,0,30,,7328,9,,,0,70,,7329,9,,,0,30,,7330,9,,,0,72,,7331,9,,,0,31,,7332,9,,,0,81,,7333,9,,,0,23,,7334,9,,,0,64,,7335,9,,,0,32,,7336,9,,,0,78,,7337,9,,,0,30,,7338,9,,,0,70,,7339,9,,,0,30,,7340,9,,,0,70,,7341,9,,,0,25,,7342,9,,,0,73,,7343,9,,,0,74,,7344,9,,,0,45,,7346,9,,,0,75,,7347,9,,,0,36,,7348,9,,,0
