200,'100000',733,,5476,30,,,0,70,,5454,30,,,0,30,,5455,30,,,0,70,,5456,30,,,0,30,,5457,30,,,0,70,,5458,30,,,0,30,,5459,30,,,0,70,,5460,30,,,0,30,,5461,30,,,0,70,,5462,30,,,0,45,,5477,6,,,0,70,,5464,30,,,0,30,,5465,30,,,0,70,,5466,30,,,0,30,,5467,30,,,0,70,,5468,30,,,0,30,,5469,30,,,0,85,,5478,6,,,0,70,,5471,30,,,0,30,,5472,30,,,0,70,,5473,30,,,0,30,,5474,30,,,0,70,,5475,30,,,0,30,,5470,30,,,0
200,'100009',733,,5415,30,,,0,70,,5414,30,,,0,30,,5395,30,,,0,70,,5394,30,,,0,30,,5396,30,,,0,70,,5397,30,,,0,30,,5398,30,,,0,70,,5399,30,,,0,30,,5400,30,,,0,70,,5401,30,,,0,45,,5419,6,,,0,70,,5402,30,,,0,30,,5403,30,,,0,70,,5404,30,,,0,30,,5405,30,,,0,70,,5406,30,,,0,30,,5407,30,,,0,85,,5417,6,,,0,70,,5408,30,,,0,30,,5409,30,,,0,70,,5410,30,,,0,30,,5411,30,,,0,70,,5412,30,,,0,30,,5413,30,,,0
200,'100010',555,,5420,30,,,0,70,,5429,30,,,0,30,,5421,30,,,0,70,,5430,30,,,0,30,,5422,30,,,0,150,,5423,30,,,0,100,,5424,30,,,0,100,,5425,30,,,0,100,,5426,30,,,0,114,,5427,30,,,0,110,,5428,30,,,0,110,,5445,30,,,0,75,,5438,30,,,0,35,,5446,30,,,0,89,,5439,30,,,0,71,,5440,30,,,0,30,,5447,30,,,0,70,,5441,30,,,0,30,,5448,30,,,0,85,,5442,30,,,0,30,,5449,30,,,0,70,,5443,30,,,0,30,,5450,30,,,0,70,,5444,30,,,0,30,,5451,30,,,0,70,,5452,30,,,0
200,'100011',835,,6825,30,,,0,100,,6826,30,,,0,100,,6827,30,,,0,100,,6828,30,,,0,109,,6832,6,,,0,110,,6830,30,,,0,150,,6831,30,,,0
200,'100012',555,,6833,30,,,0,70,,6842,30,,,0,30,,6834,30,,,0,70,,6843,30,,,0,30,,6835,30,,,0,80,,6844,30,,,0,70,,6836,30,,,0,30,,6845,30,,,0,70,,6837,30,,,0,30,,6846,30,,,0,70,,6838,30,,,0,30,,6847,30,,,0,70,,6839,30,,,0,39,,6866,6,,,0,75,,6840,30,,,0,35,,6849,30,,,0,75,,6841,30,,,0,75,,6850,30,,,0,35,,6858,30,,,0,75,,6851,30,,,0,35,,6859,30,,,0,89,,6852,30,,,0,71,,6853,30,,,0,30,,6860,30,,,0,70,,6854,30,,,0,30,,6861,30,,,0,85,,6855,30,,,0,30,,6862,30,,,0,70,,6856,30,,,0,30,,6863,30,,,0,70,,6857,30,,,0,30,,6864,30,,,0,70,,6865,30,,,0
200,'100036',835,,5431,30,,,0,100,,5432,30,,,0,100,,5433,30,,,0,100,,5434,30,,,0,109,,5453,6,,,0,110,,5436,30,,,0,150,,5437,30,,,0
2101,'100000',734,,6444,6,,,0,75,,6445,6,,,0,35,,6446,6,,,0,75,,6447,6,,,0,35,,6448,6,,,0,75,,6449,6,,,0,75,,6450,6,,,0,35,,6451,6,,,0,75,,6452,6,,,0,35,,6453,6,,,0,75,,6454,6,,,0,35,,6455,6,,,0,75,,6456,6,,,0,75,,6457,6,,,0,35,,6458,6,,,0,75,,6459,6,,,0,35,,6460,6,,,0,80,,6461,6,,,0,75,,6462,6,,,0,35,,6463,6,,,0
2101,'100009',734,,6401,6,,,0,75,,6394,6,,,0,35,,6402,6,,,0,75,,6395,6,,,0,35,,6412,6,,,0,75,,6410,6,,,0,75,,6403,6,,,0,36,,6396,6,,,0,74,,6404,6,,,0,35,,6397,6,,,0,75,,6405,6,,,0,35,,6398,6,,,0,75,,6406,6,,,0,75,,6399,6,,,0,35,,6413,6,,,0,75,,6409,6,,,0,35,,6407,6,,,0,80,,6400,6,,,0,75,,6408,6,,,0,35,,6411,6,,,0
2101,'100010',556,,6427,6,,,0,73,,6414,6,,,0,77,,6428,6,,,0,35,,6415,6,,,0,74,,6429,6,,,0,36,,6416,6,,,0,75,,6430,6,,,0,75,,6417,6,,,0,35,,6431,6,,,0,75,,6418,6,,,0,35,,6432,6,,,0,75,,6419,6,,,0,35,,6433,6,,,0,75,,6420,6,,,0,75,,6434,6,,,0,35,,6421,6,,,0,75,,6435,6,,,0,35,,6422,6,,,0,75,,6436,6,,,0,80,,6423,6,,,0,35,,6437,6,,,0,75,,6424,6,,,0,37,,6438,6,,,0,73,,6425,6,,,0,79,,6439,6,,,0,48,,6426,6,,,0,70,,6440,6,,,0,30,,6443,6,,,0,70,,6442,6,,,0,30,,6441,6,,,0
2101,'100012',556,,7203,6,,,0,73,,7190,6,,,0,77,,7204,6,,,0,35,,7191,6,,,0,74,,7205,6,,,0,36,,7192,6,,,0,75,,7206,6,,,0,75,,7193,6,,,0,35,,7207,6,,,0,75,,7194,6,,,0,35,,7208,6,,,0,75,,7195,6,,,0,35,,7209,6,,,0,75,,7196,6,,,0,75,,7210,6,,,0,35,,7197,6,,,0,75,,7211,6,,,0,35,,7198,6,,,0,75,,7212,6,,,0,80,,7199,6,,,0,35,,7213,6,,,0,75,,7200,6,,,0,37,,7214,6,,,0,73,,7201,6,,,0,79,,7215,6,,,0,48,,7202,6,,,0,70,,7216,6,,,0,30,,7219,6,,,0,70,,7218,6,,,0,30,,7217,6,,,0
3101,'100010',524,,6512,6,0,41 42 2 5 6,0,30,,6513,6,0,41 42 2 5 6,0,70,,6514,6,0,41 42 2 5 6,0,30,,6515,6,0,41 42 2 5 6,0,70,,6516,6,0,41 42 2 5 6,0,30,,6517,6,0,41 42 2 5 6,0,70,,6518,6,0,41 42 2 5 6,0,30,,6519,6,0,41 42 2 5 6,0,574,,6520,6,0,41 42 2 5 6,0,75,,6521,6,0,41 42 2 5 6,0,35,,6522,6,0,41 42 2 5 6,0,75,,6523,6,0,41 42 2 5 6,0,40,,6524,6,0,41 42 2 5 6,0,84,,6525,6,0,41 42 2 5 6,0,70,,6526,6,0,41 42 2 5 6,0,30,,6527,6,0,41 42 2 5 6,0
3101,'100012',524,,7236,6,0,41 42 2 5 6,0,30,,7237,6,0,41 42 2 5 6,0,70,,7238,6,0,41 42 2 5 6,0,30,,7239,6,0,41 42 2 5 6,0,70,,7240,6,0,41 42 2 5 6,0,30,,7241,6,0,41 42 2 5 6,0,70,,7242,6,0,41 42 2 5 6,0,30,,7243,6,0,41 42 2 5 6,0,574,,7244,6,0,41 42 2 5 6,0,75,,7245,6,0,41 42 2 5 6,0,35,,7246,6,0,41 42 2 5 6,0,75,,7247,6,0,41 42 2 5 6,0,40,,7248,6,0,41 42 2 5 6,0,84,,7249,6,0,41 42 2 5 6,0,70,,7250,6,0,41 42 2 5 6,0,30,,7251,6,0,41 42 2 5 6,0
