700,'100000',824,,6165,40,,,0,100,,6166,40,,,0,100,,6167,40,,,0,100,,6168,40,,,0,100,,6169,40,,,0,115,,6170,40,,,0,100,,6171,40,,,0,100,,6172,40,,,0,115,,6173,40,,,0,100,,6174,40,,,0,100,,6175,40,,,0
700,'100009',824,,6120,40,,,0,100,,6121,40,,,0,100,,6122,40,,,0,100,,6123,40,,,0,100,,6124,40,,,0,115,,6125,40,,,0,100,,6126,40,,,0,100,,6127,40,,,0,115,,6128,40,,,0,100,,6129,40,,,0,100,,6130,40,,,0
700,'100010',547,,6131,40,,,0,70,,6141,40,,,0,30,,6132,40,,,0,58,,6159,40,,,0,12,,6142,40,,,0,30,,6133,40,,,0,70,,6143,40,,,0,40,,6152,40,,,0,70,,6134,40,,,0,30,,6153,40,,,0,70,,6135,40,,,0,30,,6160,40,,,0,70,,6136,40,,,0,30,,6161,40,,,0,70,,6137,40,,,0,83,,6162,40,,,0,35,,6138,40,,,0,75,,6144,40,,,0,35,,6139,40,,,0,75,,6145,40,,,0,75,,6140,40,,,0,35,,6146,40,,,0,80,,6147,40,,,0,80,,6154,40,,,0,30,,6148,40,,,0,70,,6155,40,,,0,30,,6149,40,,,0,70,,6156,40,,,0,45,,6150,40,,,0,70,,6157,40,,,0,30,,6151,40,,,0,70,,6158,40,,,0,30,,6163,40,,,0,70,,6164,40,,,0
700,'100011',547,,7083,40,,,0,70,,7093,40,,,0,30,,7084,40,,,0,58,,7111,40,,,0,12,,7094,40,,,0,30,,7085,40,,,0,70,,7095,40,,,0,40,,7104,40,,,0,70,,7086,40,,,0,30,,7105,40,,,0,70,,7087,40,,,0,30,,7112,40,,,0,70,,7088,40,,,0,30,,7113,40,,,0,70,,7089,40,,,0,83,,7114,40,,,0,35,,7090,40,,,0,75,,7096,40,,,0,35,,7091,40,,,0,75,,7097,40,,,0,75,,7092,40,,,0,35,,7098,40,,,0,80,,7099,40,,,0,80,,7106,40,,,0,30,,7100,40,,,0,70,,7107,40,,,0,30,,7101,40,,,0,70,,7108,40,,,0,45,,7102,40,,,0,70,,7109,40,,,0,30,,7103,40,,,0,70,,7110,40,,,0,30,,7115,40,,,0,70,,7116,40,,,0
1000900,'100000',759,,6634,33,,,0,80,,6635,33,,,0,80,,6636,33,,,0,40,,6637,33,,,0,80,,6638,33,,,0,81,,6639,33,,,0,80,,6640,33,,,0,45,,6641,33,,,0,80,,6642,33,,,0,81,,6643,33,,,0,40,,6644,33,,,0,80,,6645,33,,,0,80,,6646,33,,,0,40,,6647,33,,,0,85,,6648,33,,,0,80,,6649,33,,,0,40,,6650,33,,,0,80,,6651,33,,,0
1000900,'100009',759,,6581,33,,,0,80,,6582,33,,,0,80,,6583,33,,,0,40,,6584,33,,,0,80,,6585,33,,,0,81,,6586,33,,,0,80,,6587,33,,,0,45,,6588,33,,,0,80,,6589,33,,,0,81,,6590,33,,,0,40,,6591,33,,,0,80,,6592,33,,,0,80,,6593,33,,,0,40,,6594,33,,,0,85,,6595,33,,,0,80,,6596,33,,,0,40,,6597,33,,,0,80,,6598,33,,,0
1000900,'100010',546,,6609,33,,,0,70,,7261,33,,,0,30,,6611,33,,,0,70,,6612,33,,,0,30,,7262,33,,,0,70,,6614,33,,,0,22,,6615,33,,,0,68,,7263,33,,,0,35,,6617,33,,,0,60,,6618,33,,,0,30,,7264,33,,,0,70,,6620,33,,,0,30,,6621,33,,,0,70,,7265,33,,,0,30,,6623,33,,,0,70,,6624,33,,,0,30,,7266,33,,,0,70,,6626,33,,,0,34,,6627,33,,,0,82,,7267,33,,,0,22,,6629,33,,,0,64,,6630,33,,,0,32,,7268,33,,,0,70,,6632,33,,,0,18,,6633,33,,,0,85,,7260,33,,,0,30,,6603,33,,,0,70,,6606,33,,,0,30,,7259,33,,,0,67,,6601,33,,,0,43,,6607,33,,,0,85,,6605,33,,,0,75,,6604,33,,,0,35,,6608,33,,,0,75,,6600,33,,,0
1000900,'100011',546,,7279,33,,,0,70,,7280,33,,,0,30,,7281,33,,,0,70,,7282,33,,,0,30,,7283,33,,,0,70,,7284,33,,,0,22,,7285,33,,,0,68,,7286,33,,,0,35,,7287,33,,,0,60,,7288,33,,,0,30,,7289,33,,,0,70,,7290,33,,,0,30,,7291,33,,,0,70,,7292,33,,,0,30,,7293,33,,,0,70,,7294,33,,,0,30,,7295,33,,,0,70,,7296,33,,,0,34,,7297,33,,,0,70,,7298,33,,,0,34,,7299,33,,,0,64,,7300,33,,,0,32,,7301,33,,,0,70,,7302,33,,,0,18,,7303,33,,,0,85,,7272,33,,,0,30,,7273,33,,,0,70,,7276,33,,,0,30,,7269,33,,,0,67,,7271,33,,,0,43,,7277,33,,,0,85,,7275,33,,,0,75,,7274,33,,,0,35,,7278,33,,,0,75,,7270,33,,,0
2000900,'100000',821,,6739,31,,,0,80,,6740,31,,,0,40,,6741,31,,,0,80,,6742,31,,,0,80,,6743,31,,,0,40,,6744,31,,,0,80,,6745,31,,,0,80,,6746,31,,,0,45,,6747,31,,,0,80,,6748,31,,,0,81,,6749,31,,,0,40,,6750,31,,,0,85,,6751,31,,,0,80,,6752,31,,,0,40,,6753,31,,,0,80,,6754,31,,,0,80,,6755,31,,,0
2000900,'100009',821,,6687,31,,,0,80,,6688,31,,,0,40,,6689,31,,,0,80,,6690,31,,,0,80,,6691,31,,,0,40,,6692,31,,,0,80,,6693,31,,,0,80,,6694,31,,,0,45,,6695,31,,,0,80,,6696,31,,,0,81,,6697,31,,,0,40,,6698,31,,,0,85,,6699,31,,,0,80,,6700,31,,,0,40,,6701,31,,,0,80,,6702,31,,,0,80,,6703,31,,,0
2000900,'100010',611,,6704,31,,,0,20,,6705,31,,,0,70,,7304,31,,,0,30,,6707,31,,,0,70,,6708,31,,,0,20,,7305,31,,,0,80,,6710,31,,,0,22,,6735,31,,,0,28,,7306,31,,,0,70,,6712,31,,,0,20,,6713,31,,,0,70,,7307,31,,,0,30,,6715,31,,,0,70,,6716,31,,,0,30,,7308,31,,,0,70,,6718,31,,,0,30,,6719,31,,,0,70,,7309,31,,,0,33,,6721,31,,,0,71,,6722,31,,,0,41,,7310,31,,,0,63,,6724,31,,,0,24,,6725,31,,,0,72,,7311,31,,,0,38,,6727,31,,,0,70,,6728,31,,,0,30,,7312,31,,,0,70,,6730,31,,,0,30,,6731,31,,,0,65,,7313,31,,,0,31,,6733,31,,,0,74,,6734,31,,,0,85,,6736,31,,,0,35,,6737,31,,,0,76,,6738,31,,,0
2000900,'100011',611,,7314,31,,,0,20,,7315,31,,,0,70,,7316,31,,,0,30,,7317,31,,,0,70,,7318,31,,,0,20,,7319,31,,,0,80,,7320,31,,,0,22,,7345,31,,,0,28,,7321,31,,,0,70,,7322,31,,,0,20,,7323,31,,,0,70,,7324,31,,,0,30,,7325,31,,,0,70,,7326,31,,,0,30,,7327,31,,,0,70,,7328,31,,,0,30,,7329,31,,,0,70,,7330,31,,,0,33,,7331,31,,,0,71,,7332,31,,,0,41,,7333,31,,,0,63,,7334,31,,,0,24,,7335,31,,,0,72,,7336,31,,,0,38,,7337,31,,,0,70,,7338,31,,,0,30,,7339,31,,,0,70,,7340,31,,,0,30,,7341,31,,,0,65,,7342,31,,,0,31,,7343,31,,,0,74,,7344,31,,,0,85,,7346,31,,,0,35,,7347,31,,,0,76,,7348,31,,,0
