700,'100000',821,,6165,33,,,0,100,,6166,33,,,0,100,,6167,33,,,0,100,,6168,33,,,0,100,,6169,33,,,0,115,,6170,33,,,0,100,,6171,33,,,0,100,,6172,33,,,0,115,,6173,33,,,0,100,,6174,33,,,0,100,,6175,33,,,0
700,'100009',821,,6120,33,,,0,100,,6121,33,,,0,100,,6122,33,,,0,100,,6123,33,,,0,100,,6124,33,,,0,115,,6125,33,,,0,100,,6126,33,,,0,100,,6127,33,,,0,115,,6128,33,,,0,100,,6129,33,,,0,100,,6130,33,,,0
700,'100010',544,,6131,33,,,0,70,,6141,33,,,0,30,,6132,33,,,0,58,,6159,33,,,0,12,,6142,33,,,0,30,,6133,33,,,0,70,,6143,33,,,0,40,,6152,33,,,0,70,,6134,33,,,0,30,,6153,33,,,0,70,,6135,33,,,0,30,,6160,33,,,0,70,,6136,33,,,0,30,,6161,33,,,0,70,,6137,33,,,0,83,,6162,33,,,0,35,,6138,33,,,0,75,,6144,33,,,0,35,,6139,33,,,0,75,,6145,33,,,0,75,,6140,33,,,0,35,,6146,33,,,0,80,,6147,33,,,0,40,,6154,33,,,0,70,,6148,33,,,0,30,,6155,33,,,0,70,,6149,33,,,0,30,,6156,33,,,0,86,,6150,33,,,0,70,,6157,33,,,0,30,,6151,33,,,0,70,,6158,33,,,0,30,,6163,33,,,0,70,,6164,33,,,0
700,'100012',544,,7083,33,,,0,70,,7093,33,,,0,30,,7084,33,,,0,58,,7111,33,,,0,12,,7094,33,,,0,30,,7085,33,,,0,70,,7095,33,,,0,40,,7104,33,,,0,70,,7086,33,,,0,30,,7105,33,,,0,70,,7087,33,,,0,30,,7112,33,,,0,70,,7088,33,,,0,30,,7113,33,,,0,70,,7089,33,,,0,83,,7114,33,,,0,35,,7090,33,,,0,75,,7096,33,,,0,35,,7091,33,,,0,75,,7097,33,,,0,75,,7092,33,,,0,35,,7098,33,,,0,80,,7099,33,,,0,40,,7106,33,,,0,70,,7100,33,,,0,30,,7107,33,,,0,70,,7101,33,,,0,30,,7108,33,,,0,86,,7102,33,,,0,70,,7109,33,,,0,30,,7103,33,,,0,70,,7110,33,,,0,30,,7115,33,,,0,70,,7116,33,,,0
1000900,'100000',757,,6634,26,,,0,80,,6635,26,,,0,80,,6636,26,,,0,40,,6637,26,,,0,80,,6638,26,,,0,80,,6639,26,,,0,40,,6640,26,,,0,85,,6641,26,,,0,80,,6642,26,,,0,81,,6643,26,,,0,40,,6644,26,,,0,80,,6645,26,,,0,80,,6646,26,,,0,40,,6647,26,,,0,85,,6648,26,,,0,80,,6649,26,,,0,40,,6650,26,,,0,80,,6651,26,,,0
1000900,'100009',757,,6581,26,,,0,80,,6582,26,,,0,80,,6583,26,,,0,40,,6584,26,,,0,80,,6585,26,,,0,80,,6586,26,,,0,40,,6587,26,,,0,85,,6588,26,,,0,80,,6589,26,,,0,81,,6590,26,,,0,40,,6591,26,,,0,80,,6592,26,,,0,80,,6593,26,,,0,40,,6594,26,,,0,85,,6595,26,,,0,80,,6596,26,,,0,40,,6597,26,,,0,80,,6598,26,,,0
1000900,'100010',544,,6609,26,,,0,100,,6611,26,,,0,70,,6612,26,,,0,100,,6614,26,,,0,22,,6615,26,,,0,103,,6617,26,,,0,20,,6618,26,,,0,100,,6620,26,,,0,70,,6621,26,,,0,100,,6623,26,,,0,30,,6624,26,,,0,100,,6626,26,,,0,73,,6627,26,,,0,104,,6629,26,,,0,64,,6630,26,,,0,102,,6632,26,,,0,18,,6633,26,,,0,115,,6603,26,,,0,70,,6606,26,,,0,97,,6601,26,,,0,44,,6607,26,,,0,85,,6605,26,,,0,75,,6604,26,,,0,35,,6608,26,,,0,75,,6600,26,,,0
1000900,'100011',614,,7261,26,,,0,130,,7262,26,,,0,160,,7263,26,,,0,125,,7264,26,,,0,130,,7265,26,,,0,170,,7266,26,,,0,185,,7267,26,,,0,118,,7268,26,,,0,173,,7260,26,,,0,130,,7259,26,,,0
1000900,'100012',544,,7279,26,,,0,70,,7280,26,,,0,30,,7281,26,,,0,70,,7282,26,,,0,30,,7283,26,,,0,70,,7284,26,,,0,22,,7285,26,,,0,68,,7286,26,,,0,35,,7287,26,,,0,20,,7288,26,,,0,70,,7289,26,,,0,30,,7290,26,,,0,70,,7291,26,,,0,30,,7292,26,,,0,70,,7293,26,,,0,30,,7294,26,,,0,70,,7295,26,,,0,30,,7296,26,,,0,73,,7297,26,,,0,70,,7298,26,,,0,34,,7299,26,,,0,64,,7300,26,,,0,32,,7301,26,,,0,70,,7302,26,,,0,18,,7303,26,,,0,85,,7272,26,,,0,30,,7273,26,,,0,70,,7276,26,,,0,30,,7269,26,,,0,67,,7271,26,,,0,44,,7277,26,,,0,85,,7275,26,,,0,75,,7274,26,,,0,35,,7278,26,,,0,75,,7270,26,,,0
1000900,'100036',614,,6610,26,,,0,130,,6613,26,,,0,160,,6616,26,,,0,125,,6619,26,,,0,130,,6622,26,,,0,170,,6625,26,,,0,173,,6628,26,,,0,130,,6631,26,,,0,173,,6602,26,,,0,130,,6599,26,,,0
2000900,'100000',819,,6739,24,,,0,40,,6740,24,,,0,80,,6741,24,,,0,80,,6742,24,,,0,40,,6743,24,,,0,80,,6744,24,,,0,79,,6745,24,,,0,40,,6746,24,,,0,85,,6747,24,,,0,80,,6748,24,,,0,81,,6749,24,,,0,40,,6750,24,,,0,85,,6751,24,,,0,80,,6752,24,,,0,40,,6753,24,,,0,80,,6754,24,,,0,80,,6755,24,,,0
2000900,'100009',819,,6687,24,,,0,40,,6688,24,,,0,80,,6689,24,,,0,80,,6690,24,,,0,40,,6691,24,,,0,80,,6692,24,,,0,79,,6693,24,,,0,40,,6694,24,,,0,85,,6695,24,,,0,80,,6696,24,,,0,81,,6697,24,,,0,40,,6698,24,,,0,85,,6699,24,,,0,80,,6700,24,,,0,40,,6701,24,,,0,80,,6702,24,,,0,80,,6703,24,,,0
2000900,'100010',609,,6704,24,,,0,20,,6705,24,,,0,100,,6707,24,,,0,30,,6708,24,,,0,100,,6710,24,,,0,62,,6735,24,,,0,98,,6712,24,,,0,20,,6713,24,,,0,100,,6715,24,,,0,70,,6716,24,,,0,100,,6718,24,,,0,30,,6719,24,,,0,102,,6721,24,,,0,71,,6722,24,,,0,104,,6724,24,,,0,24,,6725,24,,,0,110,,6727,24,,,0,70,,6728,24,,,0,100,,6730,24,,,0,30,,6731,24,,,0,97,,6733,24,,,0,74,,6734,24,,,0,85,,6736,24,,,0,35,,6737,24,,,0,76,,6738,24,,,0
2000900,'100011',659,,7304,24,,,0,160,,7305,24,,,0,130,,7306,24,,,0,160,,7307,24,,,0,130,,7308,24,,,0,170,,7309,24,,,0,144,,7310,24,,,0,159,,7311,24,,,0,138,,7312,24,,,0,165,,7313,24,,,0
2000900,'100012',609,,7314,24,,,0,20,,7315,24,,,0,30,,7316,24,,,0,70,,7317,24,,,0,30,,7318,24,,,0,60,,7319,24,,,0,40,,7320,24,,,0,62,,7345,24,,,0,28,,7321,24,,,0,70,,7322,24,,,0,20,,7323,24,,,0,70,,7324,24,,,0,30,,7325,24,,,0,70,,7326,24,,,0,30,,7327,24,,,0,70,,7328,24,,,0,30,,7329,24,,,0,70,,7330,24,,,0,32,,7331,24,,,0,71,,7332,24,,,0,41,,7333,24,,,0,63,,7334,24,,,0,24,,7335,24,,,0,72,,7336,24,,,0,38,,7337,24,,,0,70,,7338,24,,,0,30,,7339,24,,,0,70,,7340,24,,,0,30,,7341,24,,,0,65,,7342,24,,,0,32,,7343,24,,,0,74,,7344,24,,,0,85,,7346,24,,,0,35,,7347,24,,,0,76,,7348,24,,,0
2000900,'100036',659,,6706,24,,,0,160,,6709,24,,,0,130,,6711,24,,,0,160,,6714,24,,,0,130,,6717,24,,,0,170,,6720,24,,,0,133,,6723,24,,,0,170,,6726,24,,,0,138,,6729,24,,,0,165,,6732,24,,,0
