700,'100000',808,,6165,13,,,0,100,,6166,13,,,0,100,,6167,13,,,0,100,,6168,13,,,0,100,,6169,13,,,0,115,,6170,13,,,0,100,,6171,13,,,0,100,,6172,13,,,0,115,,6173,13,,,0,100,,6174,13,,,0,100,,6175,13,,,0
700,'100009',808,,6120,13,,,0,100,,6121,13,,,0,100,,6122,13,,,0,100,,6123,13,,,0,100,,6124,13,,,0,115,,6125,13,,,0,100,,6126,13,,,0,100,,6127,13,,,0,115,,6128,13,,,0,100,,6129,13,,,0,100,,6130,13,,,0
700,'100010',530,,6131,13,,,0,70,,6141,13,,,0,30,,6132,13,,,0,18,,6159,13,,,0,52,,6142,13,,,0,30,,6133,13,,,0,70,,6143,13,,,0,40,,6152,13,,,0,70,,6134,13,,,0,30,,6153,13,,,0,70,,6135,13,,,0,30,,6160,13,,,0,70,,6136,13,,,0,30,,6161,13,,,0,70,,6137,13,,,0,40,,6162,13,,,0,75,,6138,13,,,0,75,,6144,13,,,0,35,,6139,13,,,0,75,,6145,13,,,0,35,,6140,13,,,0,75,,6146,13,,,0,80,,6147,13,,,0,43,,6154,13,,,0,70,,6148,13,,,0,30,,6155,13,,,0,70,,6149,13,,,0,30,,6156,13,,,0,85,,6150,13,,,0,30,,6157,13,,,0,70,,6151,13,,,0,30,,6158,13,,,0,70,,6163,13,,,0,30,,6164,13,,,0
700,'100012',530,,7083,13,,,0,70,,7093,13,,,0,30,,7084,13,,,0,18,,7111,13,,,0,52,,7094,13,,,0,30,,7085,13,,,0,70,,7095,13,,,0,40,,7104,13,,,0,70,,7086,13,,,0,30,,7105,13,,,0,70,,7087,13,,,0,30,,7112,13,,,0,70,,7088,13,,,0,30,,7113,13,,,0,70,,7089,13,,,0,40,,7114,13,,,0,75,,7090,13,,,0,75,,7096,13,,,0,35,,7091,13,,,0,75,,7097,13,,,0,35,,7092,13,,,0,75,,7098,13,,,0,80,,7099,13,,,0,43,,7106,13,,,0,70,,7100,13,,,0,30,,7107,13,,,0,70,,7101,13,,,0,30,,7108,13,,,0,85,,7102,13,,,0,30,,7109,13,,,0,70,,7103,13,,,0,30,,7110,13,,,0,70,,7115,13,,,0,30,,7116,13,,,0
800,'100000',738,,6252,12,,,0,100,,6253,12,,,0,100,,6254,12,,,0,100,,6255,12,,,0,100,,6256,12,,,0,115,,6257,12,,,0,100,,6258,12,,,0,100,,6259,12,,,0,100,,6260,12,,,0,155,,6261,12,,,0,100,,6262,12,,,0,100,,6263,12,,,0
800,'100009',738,,6208,12,,,0,100,,6214,12,,,0,100,,6209,12,,,0,100,,6215,12,,,0,100,,6210,12,,,0,115,,6216,12,,,0,100,,6211,12,,,0,100,,6217,12,,,0,100,,6212,12,,,0,155,,6218,12,,,0,100,,6213,12,,,0,100,,6219,12,,,0
800,'100010',600,,6235,12,,,0,30,,6220,12,,,0,70,,6236,12,,,0,30,,6221,12,,,0,70,,6237,12,,,0,634,,6227,12,,,0,75,,6228,12,,,0,35,,6240,12,,,0,75,,6229,12,,,0,40,,6241,12,,,0,84,,6230,12,,,0,70,,6242,12,,,0,30,,6231,12,,,0,70,,6243,12,,,0,30,,6232,12,,,0,85,,6244,12,,,0,30,,6233,12,,,0,70,,6245,12,,,0,30,,6234,12,,,0,69,,6251,12,,,0,28,,6250,12,,,0
800,'100011',840,,7122,12,,,0,69,,7117,12,,,0,30,,7124,12,,,0,70,,7118,12,,,0,30,,7125,12,,,0,70,,7119,12,,,0,30,,7126,12,,,0,70,,7120,12,,,0,40,,7127,12,,,0,75,,7121,12,,,0,35,,7123,12,,,0
800,'100012',600,,7143,12,,,0,30,,7128,12,,,0,70,,7144,12,,,0,30,,7129,12,,,0,70,,7145,12,,,0,40,,7146,12,,,0,69,,7130,12,,,0,30,,7154,12,,,0,70,,7131,12,,,0,30,,7155,12,,,0,70,,7132,12,,,0,30,,7156,12,,,0,70,,7133,12,,,0,40,,7157,12,,,0,75,,7134,12,,,0,35,,7147,12,,,0,75,,7135,12,,,0,75,,7136,12,,,0,35,,7148,12,,,0,75,,7137,12,,,0,40,,7149,12,,,0,84,,7138,12,,,0,70,,7150,12,,,0,30,,7139,12,,,0,70,,7151,12,,,0,30,,7140,12,,,0,85,,7152,12,,,0,30,,7141,12,,,0,70,,7153,12,,,0,30,,7142,12,,,0,69,,7159,12,,,0,28,,7158,12,,,0
800,'100036',840,,6238,12,,,0,69,,6222,12,,,0,30,,6246,12,,,0,70,,6223,12,,,0,30,,6247,12,,,0,70,,6224,12,,,0,30,,6248,12,,,0,70,,6225,12,,,0,40,,6249,12,,,0,75,,6226,12,,,0,35,,6239,12,,,0
5001,'100010',1503,,6529,9,,,0
5300,'100011',801,,7253,29,,,0
5300,'100036',801,,6536,29,,,0
5301,'100010',1522,,6537,16,,,0
5501,'100011',1457,,7256,2,,,0
5501,'100036',1457,,6543,2,,,0
