201,'100000',756,,5575,15,,,0,70,,5576,15,,,0,30,,5577,15,,,0,70,,5578,15,,,0,30,,5579,15,,,0,70,,5580,15,,,0,30,,5581,15,,,0,70,,5582,15,,,0,30,,5583,15,,,0,70,,5584,15,,,0,85,,5585,15,,,0,30,,5586,15,,,0,70,,5587,15,,,0,30,,5588,15,,,0,70,,5589,15,,,0,30,,5590,15,,,0,70,,5599,15,,,0,45,,5592,15,,,0,70,,5593,15,,,0,30,,5594,15,,,0,70,,5595,15,,,0,30,,5596,15,,,0,70,,5591,15,,,0
201,'100009',756,,5520,15,,,0,70,,5524,15,,,0,30,,5521,15,,,0,70,,5533,15,,,0,30,,5523,15,,,0,70,,5522,15,,,0,30,,5525,15,,,0,70,,5526,15,,,0,30,,5515,15,,,0,70,,5538,15,,,0,85,,5528,15,,,0,30,,5529,15,,,0,70,,5530,15,,,0,30,,5531,15,,,0,70,,5532,15,,,0,30,,5535,15,,,0,70,,5536,15,,,0,45,,5534,15,,,0,70,,5516,15,,,0,30,,5519,15,,,0,70,,5518,15,,,0,30,,5517,15,,,0,70,,5527,15,,,0
201,'100010',548,,5573,15,,,0,70,,5540,15,,,0,30,,5548,15,,,0,70,,5541,15,,,0,30,,5549,15,,,0,70,,5542,15,,,0,40,,6867,15,,,0,70,,5543,15,,,0,30,,6868,15,,,0,70,,5544,15,,,0,30,,6869,15,,,0,70,,5545,15,,,0,30,,6870,15,,,0,70,,5546,15,,,0,79,,6873,15,,,0,35,,5547,15,,,0,75,,6871,15,,,0,35,,5561,15,,,0,75,,6872,15,,,0,75,,5562,15,,,0,35,,5556,15,,,0,79,,5572,15,,,0,84,,5563,15,,,0,30,,5557,15,,,0,70,,5564,15,,,0,30,,5558,15,,,0,70,,5565,15,,,0,45,,5559,15,,,0,70,,5566,15,,,0,30,,5560,15,,,0,70,,5567,15,,,0,30,,5568,15,,,0,72,,5569,15,,,0
201,'100011',548,,6907,15,,,0,70,,6874,15,,,0,30,,6882,15,,,0,70,,6875,15,,,0,30,,6883,15,,,0,70,,6876,15,,,0,40,,6884,15,,,0,70,,6877,15,,,0,30,,6885,15,,,0,70,,6878,15,,,0,30,,6886,15,,,0,70,,6879,15,,,0,30,,6887,15,,,0,70,,6880,15,,,0,79,,6905,15,,,0,35,,6881,15,,,0,75,,6888,15,,,0,35,,6895,15,,,0,75,,6889,15,,,0,75,,6896,15,,,0,35,,6890,15,,,0,79,,6906,15,,,0,84,,6897,15,,,0,30,,6891,15,,,0,70,,6898,15,,,0,30,,6892,15,,,0,70,,6899,15,,,0,45,,6893,15,,,0,70,,6900,15,,,0,30,,6894,15,,,0,70,,6901,15,,,0,30,,6902,15,,,0,72,,6903,15,,,0
2100,'100000',833,,6344,18,,,0,75,,6345,18,,,0,35,,6346,18,,,0,75,,6347,18,,,0,35,,6348,18,,,0,75,,6349,18,,,0,75,,6350,18,,,0,35,,6351,18,,,0,75,,6352,18,,,0,35,,6353,18,,,0,75,,6354,18,,,0,35,,6355,18,,,0,75,,6356,18,,,0,75,,6357,18,,,0,35,,6358,18,,,0,75,,6359,18,,,0,35,,6360,18,,,0,80,,6361,18,,,0,75,,6362,18,,,0,35,,6363,18,,,0
2100,'100009',833,,6302,18,,,0,75,,6295,18,,,0,35,,6303,18,,,0,75,,6296,18,,,0,35,,6312,18,,,0,75,,6311,18,,,0,75,,6304,18,,,0,35,,6297,18,,,0,75,,6305,18,,,0,35,,6298,18,,,0,75,,6306,18,,,0,35,,6299,18,,,0,75,,6313,18,,,0,75,,6310,18,,,0,35,,6307,18,,,0,75,,6300,18,,,0,35,,6308,18,,,0,80,,6301,18,,,0,75,,6309,18,,,0,35,,6294,18,,,0
2100,'100010',654,,6328,18,,,0,75,,6314,18,,,0,75,,6329,18,,,0,35,,6315,18,,,0,75,,6330,18,,,0,34,,6316,18,,,0,75,,6331,18,,,0,35,,6317,18,,,0,75,,6332,18,,,0,75,,6318,18,,,0,38,,6333,18,,,0,75,,6319,18,,,0,35,,6334,18,,,0,75,,6320,18,,,0,75,,6335,18,,,0,35,,6321,18,,,0,76,,6336,18,,,0,34,,6322,18,,,0,75,,6337,18,,,0,79,,6323,18,,,0,37,,6338,18,,,0,73,,6324,18,,,0,39,,6339,18,,,0,71,,6325,18,,,0,79,,6340,18,,,0,40,,6326,18,,,0,70,,6327,18,,,0,30,,6341,18,,,0,70,,6342,18,,,0,30,,6343,18,,,0
2100,'100011',654,,7174,18,,,0,75,,7160,18,,,0,75,,7175,18,,,0,35,,7161,18,,,0,75,,7176,18,,,0,34,,7162,18,,,0,75,,7177,18,,,0,35,,7163,18,,,0,75,,7178,18,,,0,75,,7164,18,,,0,38,,7179,18,,,0,75,,7165,18,,,0,35,,7180,18,,,0,75,,7166,18,,,0,75,,7181,18,,,0,35,,7167,18,,,0,76,,7182,18,,,0,34,,7168,18,,,0,75,,7183,18,,,0,79,,7169,18,,,0,37,,7184,18,,,0,73,,7170,18,,,0,39,,7185,18,,,0,71,,7171,18,,,0,79,,7186,18,,,0,40,,7172,18,,,0,70,,7173,18,,,0,30,,7187,18,,,0,70,,7188,18,,,0,30,,7189,18,,,0
3100,'100010',548,,6480,10,,,0,70,,6481,10,,,0,30,,6482,10,,,0,70,,6483,10,,,0,30,,6484,10,,,0,70,,6485,10,,,0,30,,6486,10,,,0,70,,6487,10,,,0,538,,6488,10,,,0,75,,6489,10,,,0,75,,6490,10,,,0,35,,6491,10,,,0,77,,6492,10,,,0,83,,6493,10,,,0,30,,6494,10,,,0,70,,6495,10,,,0
3100,'100011',548,,7220,10,,,0,70,,7221,10,,,0,30,,7222,10,,,0,70,,7223,10,,,0,30,,7224,10,,,0,70,,7225,10,,,0,30,,7226,10,,,0,70,,7227,10,,,0,538,,7228,10,,,0,75,,7229,10,,,0,75,,7230,10,,,0,35,,7231,10,,,0,77,,7232,10,,,0,83,,7233,10,,,0,30,,7234,10,,,0,70,,7235,10,,,0
