5300,'100011',810,,7253,38,4,,0
5300,'100036',810,,6536,38,4,,0
5301,'100010',1510,,6537,1,,,0
5600,'100011',810,,7257,8,4,,0
5600,'100036',810,,6544,7,4,,0
5601,'100011',1510,,7258,1,,,0
5601,'100036',1510,,6545,1,,,0
1000900,'100000',748,,6634,17,,,0,80,,6635,17,,,0,80,,6636,17,,,0,40,,6637,17,,,0,80,,6638,17,,,0,80,,6639,17,,,0,40,,6640,17,,,0,85,,6641,17,,,0,80,,6642,17,,,0,41,,6643,17,,,0,80,,6644,17,,,0,80,,6645,17,,,0,40,,6646,17,,,0,80,,6647,17,,,0,85,,6648,17,,,0,40,,6649,17,,,0,80,,6650,17,,,0,80,,6651,17,,,0
1000900,'100009',748,,6581,17,,,0,80,,6582,17,,,0,80,,6583,17,,,0,40,,6584,17,,,0,80,,6585,17,,,0,80,,6586,17,,,0,40,,6587,17,,,0,85,,6588,17,,,0,80,,6589,17,,,0,41,,6590,17,,,0,80,,6591,17,,,0,80,,6592,17,,,0,40,,6593,17,,,0,80,,6594,17,,,0,85,,6595,17,,,0,40,,6596,17,,,0,80,,6597,17,,,0,80,,6598,17,,,0
1000900,'100010',534,,6609,17,,,0,100,,6611,17,,,0,70,,6612,17,,,0,100,,6614,17,,,0,22,,6615,17,,,0,103,,6617,17,,,0,20,,6618,17,,,0,100,,6620,17,,,0,70,,6621,17,,,0,100,,6623,17,,,0,30,,6624,17,,,0,100,,6626,17,,,0,72,,6627,17,,,0,104,4,6629,17,,,0,24,,6630,17,,,0,102,,6632,17,,,0,58,,6633,17,,,0,115,,6603,17,,,0,30,,6606,17,,,0,99,,6601,17,,,0,83,,6607,17,,,0,85,,6605,17,,,0,35,,6604,17,,,0,75,,6608,17,,,0,75,,6600,17,,,0
1000900,'100011',604,,7261,17,,,0,130,,7262,17,,,0,120,,7263,17,,,0,165,,7264,17,,,0,130,,7265,17,,,0,170,,7266,17,,,0,184,48,7267,17,,,0,118,,7268,17,,,0,133,,7260,17,,,0,170,,7259,17,,,0
1000900,'100012',534,,7279,17,,,0,70,,7280,17,,,0,30,,7281,17,,,0,70,,7282,17,,,0,30,,7283,17,,,0,70,,7284,17,,,0,22,,7285,17,,,0,28,,7286,17,,,0,75,,7287,17,,,0,20,,7288,17,,,0,70,,7289,17,,,0,30,,7290,17,,,0,70,,7291,17,,,0,30,,7292,17,,,0,70,,7293,17,,,0,30,,7294,17,,,0,70,,7295,17,,,0,30,,7296,17,,,0,72,,7297,17,,,0,30,,7298,17,,,0,74,4,7299,17,,,0,24,,7300,17,,,0,72,,7301,17,,,0,30,,7302,17,,,0,58,,7303,17,,,0,45,,7272,17,,,0,70,,7273,17,,,0,30,,7276,17,,,0,70,,7269,17,,,0,29,,7271,17,,,0,83,,7277,17,,,0,85,,7275,17,,,0,35,,7274,17,,,0,75,,7278,17,,,0,75,,7270,17,,,0
1000900,'100036',604,,6610,17,,,0,130,,6613,17,,,0,120,,6616,17,,,0,165,,6619,17,,,0,130,,6622,17,,,0,170,,6625,17,,,0,132,,6628,17,,,0,170,,6631,17,,,0,133,,6602,17,,,0,170,,6599,17,,,0
