200,'100000',723,,5476,21,,,0,30,,5454,21,,,0,70,,5455,21,,,0,30,,5456,21,,,0,70,,5457,21,,,0,30,,5458,21,,,0,70,,5459,21,,,0,30,,5460,21,,,0,70,,5461,21,,,0,30,,5462,21,,,0,70,,5463,21,,,0,85,,5464,21,,,0,30,,5465,21,,,0,70,,5466,21,,,0,30,,5467,21,,,0,70,,5468,21,,,0,30,,5469,21,,,0,70,,5479,21,,,0,45,,5471,21,,,0,70,,5472,21,,,0,30,,5473,21,,,0,70,,5474,21,,,0,30,,5475,21,,,0,70,,5470,21,,,0
200,'100009',723,,5415,21,,,0,30,,5414,21,,,0,70,,5395,21,,,0,30,,5394,21,,,0,70,,5396,21,,,0,30,,5397,21,,,0,70,,5398,21,,,0,30,,5399,21,,,0,70,,5400,21,,,0,30,,5401,21,,,0,70,,5418,21,,,0,85,,5402,21,,,0,30,,5403,21,,,0,70,,5404,21,,,0,30,,5405,21,,,0,70,,5406,21,,,0,30,,5407,21,,,0,70,,5416,21,,,0,45,,5408,21,,,0,70,,5409,21,,,0,30,,5410,21,,,0,70,,5411,21,,,0,30,,5412,21,,,0,70,,5413,21,,,0
200,'100010',545,,5420,21,,,0,70,,5429,21,,,0,30,,5421,21,,,0,70,,5430,21,,,0,30,,5422,21,,,0,110,,5423,21,,,0,100,,5424,21,,,0,100,,5425,21,,,0,100,,5426,21,,,0,153,,5427,21,,,0,110,,5428,21,,,0,110,,5445,21,,,0,75,,5438,21,,,0,35,,5446,21,,,0,80,,5439,21,,,0,40,,5440,21,,,0,70,,5447,21,,,0,30,,5441,21,,,0,70,,5448,21,,,0,30,,5442,21,,,0,85,,5449,21,,,0,70,,5443,21,,,0,30,,5450,21,,,0,70,,5444,21,,,0,30,,5451,21,,,0,70,,5452,21,,,0
200,'100011',815,,6825,21,,,0,110,,6826,21,,,0,100,,6827,21,,,0,100,,6828,21,,,0,100,,6829,21,,,0,118,,6830,21,,,0,110,,6831,21,,,0
200,'100012',545,,6833,21,,,0,70,,6842,21,,,0,30,,6834,21,,,0,70,,6843,21,,,0,30,,6835,21,,,0,70,,6844,21,,,0,40,,6836,21,,,0,70,,6845,21,,,0,30,,6837,21,,,0,70,,6846,21,,,0,30,,6838,21,,,0,70,,6847,21,,,0,30,,6839,21,,,0,70,,6848,21,,,0,83,,6840,21,,,0,35,,6849,21,,,0,75,,6841,21,,,0,35,,6850,21,,,0,75,,6858,21,,,0,75,,6851,21,,,0,35,,6859,21,,,0,80,,6852,21,,,0,40,,6853,21,,,0,70,,6860,21,,,0,30,,6854,21,,,0,70,,6861,21,,,0,30,,6855,21,,,0,85,,6862,21,,,0,70,,6856,21,,,0,30,,6863,21,,,0,70,,6857,21,,,0,30,,6864,21,,,0,70,,6865,21,,,0
200,'100036',815,,5431,21,,,0,110,,5432,21,,,0,100,,5433,21,,,0,100,,5434,21,,,0,100,,5435,21,,,0,118,,5436,21,,,0,110,,5437,21,,,0
600,'100000',754,,6081,35,,,0,100,,6082,35,,,0,100,,6083,35,,,0,100,,6084,35,,,0,100,,6085,35,,,0,155,,6077,35,,,0,100,,6076,35,,,0,100,,6075,35,,,0,100,,6074,35,,,0,115,,6079,35,,,0,100,,6078,35,,,0,100,,6080,35,,,0
600,'100009',754,,6035,35,,,0,100,,6036,35,,,0,100,,6038,35,,,0,100,,6027,35,,,0,100,,6037,35,,,0,155,,6031,35,,,0,100,,6028,35,,,0,100,,6032,35,,,0,100,,6029,35,,,0,115,,6033,35,,,0,100,,6030,35,,,0,100,,6034,35,,,0
600,'100010',547,,6049,35,,,0,70,,6039,35,,,0,18,,6067,35,,,0,12,,6050,35,,,0,70,,6040,35,,,0,17,,6068,35,,,0,13,,6051,35,,,0,70,,6041,35,,,0,39,,6042,35,,,0,70,,6059,35,,,0,30,,6043,35,,,0,70,,6060,35,,,0,30,,6044,35,,,0,70,,6069,35,,,0,30,,6045,35,,,0,70,,6070,35,,,0,83,,6046,35,,,0,35,,6071,35,,,0,75,,6047,35,,,0,35,,6052,35,,,0,75,,6048,35,,,0,75,,6061,35,,,0,35,,6053,35,,,0,80,,6062,35,,,0,40,,6054,35,,,0,70,,6063,35,,,0,30,,6055,35,,,0,70,,6064,35,,,0,30,,6056,35,,,0,86,,6065,35,,,0,70,,6057,35,,,0,30,,6066,35,,,0,70,,6058,35,,,0,30,,6073,35,,,0,70,,6072,35,,,0
600,'100012',547,,7058,35,,,0,70,,7048,35,,,0,18,,7076,35,,,0,12,,7059,35,,,0,70,,7049,35,,,0,17,,7077,35,,,0,13,,7060,35,,,0,70,,7050,35,,,0,39,,7051,35,,,0,70,,7068,35,,,0,30,,7052,35,,,0,70,,7069,35,,,0,30,,7053,35,,,0,70,,7078,35,,,0,30,,7054,35,,,0,70,,7079,35,,,0,83,,7055,35,,,0,35,,7080,35,,,0,75,,7056,35,,,0,35,,7061,35,,,0,75,,7057,35,,,0,75,,7070,35,,,0,35,,7062,35,,,0,80,,7071,35,,,0,40,,7063,35,,,0,70,,7072,35,,,0,30,,7064,35,,,0,70,,7073,35,,,0,30,,7065,35,,,0,86,,7074,35,,,0,70,,7066,35,,,0,30,,7075,35,,,0,70,,7067,35,,,0,30,,7082,35,,,0,70,,7081,35,,,0
