200,'100000',732,,5476,28,,,0,70,,5454,28,,,0,30,,5455,28,,,0,70,,5456,28,,,0,30,,5457,28,,,0,70,,5458,28,,,0,30,,5459,28,,,0,70,,5460,28,,,0,30,,5461,28,,,0,70,,5462,28,,,0,45,,5477,4,,,0,70,,5464,28,,,0,30,,5465,28,,,0,70,,5466,28,,,0,30,,5467,28,,,0,70,,5468,28,,,0,30,,5469,28,,,0,85,,5478,4,,,0,70,,5471,28,,,0,30,,5472,28,,,0,70,,5473,28,,,0,30,,5474,28,,,0,70,,5475,28,,,0,30,,5470,28,,,0
200,'100009',732,,5415,28,,,0,70,,5414,28,,,0,30,,5395,28,,,0,70,,5394,28,,,0,30,,5396,28,,,0,70,,5397,28,,,0,30,,5398,28,,,0,70,,5399,28,,,0,30,,5400,28,,,0,70,,5401,28,,,0,45,,5419,4,,,0,70,,5402,28,,,0,30,,5403,28,,,0,70,,5404,28,,,0,30,,5405,28,,,0,70,,5406,28,,,0,30,,5407,28,,,0,85,,5417,4,,,0,70,,5408,28,,,0,30,,5409,28,,,0,70,,5410,28,,,0,30,,5411,28,,,0,70,,5412,28,,,0,30,,5413,28,,,0
200,'100010',554,,5420,28,,,0,70,,5429,28,,,0,30,,5421,28,,,0,70,,5430,28,,,0,30,,5422,28,,,0,80,,6825,28,,,0,70,,5423,28,,,0,30,,6826,28,,,0,70,,5424,28,,,0,30,,6827,28,,,0,70,,5425,28,,,0,30,,6828,28,,,0,70,,5426,28,,,0,39,,6832,4,,,0,75,,5427,28,,,0,35,,6830,28,,,0,75,,5428,28,,,0,75,,6831,28,,,0,35,,5445,28,,,0,75,,5438,28,,,0,35,,5446,28,,,0,89,,5439,28,,,0,71,,5440,28,,,0,30,,5447,28,,,0,70,,5441,28,,,0,30,,5448,28,,,0,85,,5442,28,,,0,30,,5449,28,,,0,70,,5443,28,,,0,30,,5450,28,,,0,70,,5444,28,,,0,30,,5451,28,,,0,70,,5452,28,,,0
200,'100011',554,,6833,28,,,0,70,,6842,28,,,0,30,,6834,28,,,0,70,,6843,28,,,0,30,,6835,28,,,0,80,,6844,28,,,0,70,,6836,28,,,0,30,,6845,28,,,0,70,,6837,28,,,0,30,,6846,28,,,0,70,,6838,28,,,0,30,,6847,28,,,0,70,,6839,28,,,0,39,,6866,4,,,0,75,,6840,28,,,0,35,,6849,28,,,0,75,,6841,28,,,0,75,,6850,28,,,0,35,,6858,28,,,0,75,,6851,28,,,0,35,,6859,28,,,0,89,,6852,28,,,0,71,,6853,28,,,0,30,,6860,28,,,0,70,,6854,28,,,0,30,,6861,28,,,0,85,,6855,28,,,0,30,,6862,28,,,0,70,,6856,28,,,0,30,,6863,28,,,0,70,,6857,28,,,0,30,,6864,28,,,0,70,,6865,28,,,0
2101,'100000',732,,6444,4,,,0,75,,6445,4,,,0,35,,6446,4,,,0,75,,6447,4,,,0,35,,6448,4,,,0,75,,6449,4,,,0,75,,6450,4,,,0,35,,6451,4,,,0,75,,6452,4,,,0,35,,6453,4,,,0,75,,6454,4,,,0,35,,6455,4,,,0,75,,6456,4,,,0,75,,6457,4,,,0,35,,6458,4,,,0,75,,6459,4,,,0,35,,6460,4,,,0,80,,6461,4,,,0,75,,6462,4,,,0,35,,6463,4,,,0
2101,'100009',732,,6401,4,,,0,75,,6394,4,,,0,35,,6402,4,,,0,75,,6395,4,,,0,35,,6412,4,,,0,75,,6410,4,,,0,75,,6403,4,,,0,36,,6396,4,,,0,74,,6404,4,,,0,35,,6397,4,,,0,75,,6405,4,,,0,35,,6398,4,,,0,75,,6406,4,,,0,75,,6399,4,,,0,35,,6413,4,,,0,75,,6409,4,,,0,35,,6407,4,,,0,80,,6400,4,,,0,75,,6408,4,,,0,35,,6411,4,,,0
2101,'100010',554,,6427,4,,,0,73,,6414,4,,,0,77,,6428,4,,,0,35,,6415,4,,,0,74,,6429,4,,,0,36,,6416,4,,,0,75,,6430,4,,,0,35,,6417,4,,,0,75,,6431,4,,,0,75,,6418,4,,,0,35,,6432,4,,,0,75,,6419,4,,,0,35,,6433,4,,,0,75,,6420,4,,,0,75,,6434,4,,,0,35,,6421,4,,,0,75,,6435,4,,,0,35,,6422,4,,,0,75,,6436,4,,,0,80,,6423,4,,,0,35,,6437,4,,,0,75,,6424,4,,,0,37,,6438,4,,,0,73,,6425,4,,,0,79,,6439,4,,,0,49,,6426,4,,,0,70,,6440,4,,,0,30,,6443,4,,,0,70,,6442,4,,,0,30,,6441,4,,,0
2101,'100011',554,,7203,4,,,0,73,,7190,4,,,0,77,,7204,4,,,0,35,,7191,4,,,0,74,,7205,4,,,0,36,,7192,4,,,0,75,,7206,4,,,0,35,,7193,4,,,0,75,,7207,4,,,0,75,,7194,4,,,0,35,,7208,4,,,0,75,,7195,4,,,0,35,,7209,4,,,0,75,,7196,4,,,0,75,,7210,4,,,0,35,,7197,4,,,0,75,,7211,4,,,0,35,,7198,4,,,0,75,,7212,4,,,0,80,,7199,4,,,0,35,,7213,4,,,0,75,,7200,4,,,0,37,,7214,4,,,0,73,,7201,4,,,0,79,,7215,4,,,0,49,,7202,4,,,0,70,,7216,4,,,0,30,,7219,4,,,0,70,,7218,4,,,0,30,,7217,4,,,0
3101,'100010',523,,6512,4,0,41 42 2 5 6,0,30,,6513,4,0,41 42 2 5 6,0,70,,6514,4,0,41 42 2 5 6,0,30,,6515,4,0,41 42 2 5 6,0,70,,6516,4,0,41 42 2 5 6,0,30,,6517,4,0,41 42 2 5 6,0,70,,6518,4,0,41 42 2 5 6,0,30,,6519,4,0,41 42 2 5 6,0,574,,6520,4,0,41 42 2 5 6,0,75,,6521,4,0,41 42 2 5 6,0,35,,6522,4,0,41 42 2 5 6,0,75,,6523,4,0,41 42 2 5 6,0,40,,6524,4,0,41 42 2 5 6,0,84,,6525,4,0,41 42 2 5 6,0,70,,6526,4,0,41 42 2 5 6,0,30,,6527,4,0,41 42 2 5 6,0
3101,'100011',523,,7236,4,0,41 42 2 5 6,0,30,,7237,4,0,41 42 2 5 6,0,70,,7238,4,0,41 42 2 5 6,0,30,,7239,4,0,41 42 2 5 6,0,70,,7240,4,0,41 42 2 5 6,0,30,,7241,4,0,41 42 2 5 6,0,70,,7242,4,0,41 42 2 5 6,0,30,,7243,4,0,41 42 2 5 6,0,574,,7244,4,0,41 42 2 5 6,0,75,,7245,4,0,41 42 2 5 6,0,35,,7246,4,0,41 42 2 5 6,0,75,,7247,4,0,41 42 2 5 6,0,40,,7248,4,0,41 42 2 5 6,0,84,,7249,4,0,41 42 2 5 6,0,70,,7250,4,0,41 42 2 5 6,0,30,,7251,4,0,41 42 2 5 6,0
