200,'100000',713,,5476,1,,,0,30,,5454,1,,,0,70,,5455,1,,,0,30,,5456,1,,,0,70,,5457,1,,,0,30,,5458,1,,,0,70,,5459,1,,,0,30,,5460,1,,,0,70,,5461,1,,,0,30,,5462,1,,,0,70,,5463,1,,,0,45,,5464,1,,,0,70,,5465,1,,,0,30,,5466,1,,,0,70,,5467,1,,,0,30,,5468,1,,,0,70,,5469,1,,,0,30,,5479,1,,,0,85,,5471,1,,,0,70,,5472,1,,,0,30,,5473,1,,,0,70,,5474,1,,,0,30,,5475,1,,,0,70,,5470,1,,,0
200,'100009',713,,5415,1,,,0,30,,5414,1,,,0,70,,5395,1,,,0,30,,5394,1,,,0,70,,5396,1,,,0,30,,5397,1,,,0,70,,5398,1,,,0,30,,5399,1,,,0,70,,5400,1,,,0,30,,5401,1,,,0,70,,5418,1,,,0,45,,5402,1,,,0,70,,5403,1,,,0,30,,5404,1,,,0,70,,5405,1,,,0,30,,5406,1,,,0,70,,5407,1,,,0,30,,5416,1,,,0,85,,5408,1,,,0,70,,5409,1,,,0,30,,5410,1,,,0,70,,5411,1,,,0,30,,5412,1,,,0,70,,5413,1,,,0
200,'100010',535,,5420,1,,,0,70,,5429,1,,,0,30,,5421,1,,,0,70,,5430,1,,,0,30,,5422,1,,,0,110,,5423,1,,,0,100,,5424,1,,,0,100,,5425,1,,,0,100,,5426,1,,,0,111,,5427,1,,,0,150,,5428,1,,,0,110,,5445,1,,,0,35,,5438,1,,,0,75,,5446,1,,,0,80,,5439,1,,,0,42,,5440,1,,,0,70,,5447,1,,,0,30,,5441,1,,,0,70,,5448,1,,,0,30,,5442,1,,,0,85,,5449,1,,,0,70,,5443,1,,,0,30,,5450,1,,,0,70,,5444,1,,,0,30,,5451,1,,,0,70,,5452,1,,,0
200,'100011',805,,6825,1,,,0,110,,6826,1,,,0,100,,6827,1,,,0,100,,6828,1,,,0,100,,6829,1,,,0,116,,6830,1,,,0,110,,6831,1,,,0
200,'100012',535,,6833,1,,,0,70,,6842,1,,,0,30,,6834,1,,,0,70,,6843,1,,,0,30,,6835,1,,,0,70,,6844,1,,,0,40,,6836,1,,,0,70,,6845,1,,,0,30,,6837,1,,,0,70,,6846,1,,,0,30,,6838,1,,,0,70,,6847,1,,,0,30,,6839,1,,,0,70,,6848,1,,,0,41,,6840,1,,,0,75,,6849,1,,,0,75,,6841,1,,,0,35,,6850,1,,,0,75,,6858,1,,,0,35,,6851,1,,,0,75,,6859,1,,,0,80,,6852,1,,,0,42,,6853,1,,,0,70,,6860,1,,,0,30,,6854,1,,,0,70,,6861,1,,,0,30,,6855,1,,,0,85,,6862,1,,,0,70,,6856,1,,,0,30,,6863,1,,,0,70,,6857,1,,,0,30,,6864,1,,,0,70,,6865,1,,,0
200,'100036',805,,5431,1,,,0,110,,5432,1,,,0,100,,5433,1,,,0,100,,5434,1,,,0,100,,5435,1,,,0,116,,5436,1,,,0,110,,5437,1,,,0
201,'100000',813,,5575,37,4,,0,30,,5576,37,4,,0,70,,5577,37,4,,0,30,,5578,37,4,,0,70,,5579,37,4,,0,30,,5580,37,4,,0,70,,5581,37,4,,0,30,,5582,37,4,,0,70,,5583,37,4,,0,45,,5597,20,4,,0,70,,5585,37,4,,0,30,,5586,37,4,,0,70,,5587,37,4,,0,30,,5588,37,4,,0,70,,5589,37,4,,0,30,,5590,37,4,,0,85,,5598,20,4,,0,70,,5592,37,4,,0,30,,5593,37,4,,0,70,,5594,37,4,,0,30,,5595,37,4,,0,70,,5596,37,4,,0,30,,5591,37,4,,0
201,'100009',813,,5520,37,4,,0,30,,5524,37,4,,0,70,,5521,37,4,,0,30,,5533,37,4,,0,70,,5523,37,4,,0,30,,5522,37,4,,0,70,,5525,37,4,,0,30,,5526,37,4,,0,70,,5515,37,4,,0,45,,5539,20,4,,0,70,,5528,37,4,,0,30,,5529,37,4,,0,70,,5530,37,4,,0,30,,5531,37,4,,0,70,,5532,37,4,,0,30,,5535,37,4,,0,85,,5537,20,4,,0,70,,5534,37,4,,0,30,,5516,37,4,,0,70,,5519,37,4,,0,30,,5518,37,4,,0,70,,5517,37,4,,0,30,,5527,37,4,,0
201,'100010',535,,5570,20,4,,0,70,,5573,37,4,,0,30,,5540,37,4,,0,70,,5548,37,4,,0,30,,5541,37,4,,0,70,,5549,37,4,,0,40,,5542,37,4,,0,100,,5543,37,4,,0,100,,5544,37,4,,0,100,,5545,37,4,,0,111,,5574,20,4,,0,150,,5547,37,4,,0,110,,5561,37,4,,0,110,,5562,37,4,,0,80,,5556,37,4,,0,42,,5572,37,4,,0,70,,5563,37,4,,0,30,,5557,37,4,,0,70,,5564,37,4,,0,30,,5558,37,4,,0,85,,5565,37,4,,0,70,,5559,37,4,,0,30,,5566,37,4,,0,70,,5560,37,4,,0,30,,5567,37,4,,0,70,,5568,37,4,,0,31,,5569,37,4,,0
201,'100011',915,,6867,37,4,,0,100,,6868,37,4,,0,100,,6869,37,4,,0,100,,6870,37,4,,0,116,,6873,37,4,,0,110,,6871,37,4,,0,110,,6872,37,4,,0
201,'100012',535,,6904,20,4,,0,70,,6907,37,4,,0,30,,6874,37,4,,0,70,,6882,37,4,,0,30,,6875,37,4,,0,70,,6883,37,4,,0,40,,6876,37,4,,0,70,,6884,37,4,,0,30,,6877,37,4,,0,70,,6885,37,4,,0,30,,6878,37,4,,0,70,,6886,37,4,,0,30,,6879,37,4,,0,70,,6887,37,4,,0,41,,6908,20,4,,0,75,,6905,37,4,,0,75,,6881,37,4,,0,35,,6888,37,4,,0,75,,6895,37,4,,0,35,,6889,37,4,,0,75,,6896,37,4,,0,80,,6890,37,4,,0,42,,6906,37,4,,0,70,,6897,37,4,,0,30,,6891,37,4,,0,70,,6898,37,4,,0,30,,6892,37,4,,0,85,,6899,37,4,,0,70,,6893,37,4,,0,30,,6900,37,4,,0,70,,6894,37,4,,0,30,,6901,37,4,,0,70,,6902,37,4,,0,31,,6903,37,4,,0
201,'100036',915,,5550,37,4,,0,100,,5551,37,4,,0,100,,5552,37,4,,0,100,,5553,37,4,,0,116,,5571,37,4,,0,110,,5554,37,4,,0,110,,5555,37,4,,0
700,'100000',818,,6165,30,,,0,100,,6166,30,,,0,100,,6167,30,,,0,100,,6168,30,,,0,100,,6169,30,,,0,115,,6170,30,,,0,100,,6171,30,,,0,100,,6172,30,,,0,115,,6173,30,,,0,100,,6174,30,,,0,100,,6175,30,,,0
700,'100009',818,,6120,30,,,0,100,,6121,30,,,0,100,,6122,30,,,0,100,,6123,30,,,0,100,,6124,30,,,0,115,,6125,30,,,0,100,,6126,30,,,0,100,,6127,30,,,0,115,,6128,30,,,0,100,,6129,30,,,0,100,,6130,30,,,0
700,'100010',541,,6131,30,,,0,70,,6141,30,,,0,30,,6132,30,,,0,18,,6159,30,,,0,52,,6142,30,,,0,30,,6133,30,,,0,70,,6143,30,,,0,40,,6152,30,,,0,70,,6134,30,,,0,30,,6153,30,,,0,70,,6135,30,,,0,30,,6160,30,,,0,70,,6136,30,,,0,30,,6161,30,,,0,70,,6137,30,,,0,82,,6162,30,,,0,35,,6138,30,,,0,75,,6144,30,,,0,35,,6139,30,,,0,75,,6145,30,,,0,35,,6140,30,,,0,75,,6146,30,,,0,80,,6147,30,,,0,41,,6154,30,,,0,70,,6148,30,,,0,30,,6155,30,,,0,70,,6149,30,,,0,30,,6156,30,,,0,86,,6150,30,,,0,70,,6157,30,,,0,30,,6151,30,,,0,70,,6158,30,,,0,30,,6163,30,,,0,70,,6164,30,,,0
700,'100012',541,,7083,30,,,0,70,,7093,30,,,0,30,,7084,30,,,0,18,,7111,30,,,0,52,,7094,30,,,0,30,,7085,30,,,0,70,,7095,30,,,0,40,,7104,30,,,0,70,,7086,30,,,0,30,,7105,30,,,0,70,,7087,30,,,0,30,,7112,30,,,0,70,,7088,30,,,0,30,,7113,30,,,0,70,,7089,30,,,0,82,,7114,30,,,0,35,,7090,30,,,0,75,,7096,30,,,0,35,,7091,30,,,0,75,,7097,30,,,0,35,,7092,30,,,0,75,,7098,30,,,0,80,,7099,30,,,0,41,,7106,30,,,0,70,,7100,30,,,0,30,,7107,30,,,0,70,,7101,30,,,0,30,,7108,30,,,0,86,,7102,30,,,0,70,,7109,30,,,0,30,,7103,30,,,0,70,,7110,30,,,0,30,,7115,30,,,0,70,,7116,30,,,0
5000,'100010',744,,6528,32,,,0
5500,'100011',751,,7255,13,,,0
5500,'100036',751,,6542,12,,,0
