300,'100000',827,,5685,35,4,,0,100,,5686,35,4,,0,100,,5687,35,4,,0,100,,5688,35,4,,0,100,,5689,35,4,,0,115,,5690,35,4,,0,100,,5691,35,4,,0,100,,5692,35,4,,0,100,,5693,35,4,,0,115,,5694,35,4,,0,100,,5695,35,4,,0
300,'100009',827,,5637,35,4,,0,100,,5638,35,4,,0,100,,5639,35,4,,0,100,,5640,35,4,,0,100,,5641,35,4,,0,115,,5647,35,4,,0,100,,5642,35,4,,0,100,,5643,35,4,,0,100,,5644,35,4,,0,115,,5645,35,4,,0,100,,5646,35,4,,0
300,'100010',550,,5648,35,4,,0,70,,5649,35,4,,0,15,,5655,35,4,,0,15,,5650,35,4,,0,70,,5651,35,4,,0,30,,5652,35,4,,0,70,,5653,35,4,,0,10,,5656,35,4,,0,20,,5654,35,4,,0,80,,5657,35,4,,0,70,,5661,35,4,,0,30,,5658,35,4,,0,70,,5662,35,4,,0,30,,5659,35,4,,0,70,,5663,35,4,,0,34,,5660,35,4,,0,70,,5664,35,4,,0,43,,5665,35,4,,0,75,,5666,35,4,,0,35,,5667,35,4,,0,1,,5682,35,4,,0,53,,5683,35,4,,0,21,,5668,35,4,,0,75,,5669,35,4,,0,5,,5684,35,4,,0,30,,5670,35,4,,0,75,,5671,35,4,,0,40,,5672,35,4,,0,76,,5673,35,4,,0,70,,5674,35,4,,0,30,,5675,35,4,,0,70,,5676,35,4,,0,30,,5677,35,4,,0,85,,5678,35,4,,0,30,,5679,35,4,,0,70,,5680,35,4,,0,30,,5681,35,4,,0
300,'100011',550,,6909,35,4,,0,70,,6910,35,4,,0,15,,6916,35,4,,0,15,,6911,35,4,,0,70,,6912,35,4,,0,30,,6913,35,4,,0,70,,6914,35,4,,0,10,,6917,35,4,,0,20,,6915,35,4,,0,80,,6918,35,4,,0,70,,6922,35,4,,0,30,,6919,35,4,,0,70,,6923,35,4,,0,30,,6920,35,4,,0,70,,6924,35,4,,0,34,,6921,35,4,,0,70,,6925,35,4,,0,43,,6926,35,4,,0,75,,6927,35,4,,0,35,,6928,35,4,,0,1,,6943,35,4,,0,53,,6944,35,4,,0,21,,6929,35,4,,0,75,,6930,35,4,,0,5,,6945,35,4,,0,30,,6931,35,4,,0,75,,6932,35,4,,0,40,,6933,35,4,,0,76,,6934,35,4,,0,70,,6935,35,4,,0,30,,6936,35,4,,0,70,,6937,35,4,,0,30,,6938,35,4,,0,85,,6939,35,4,,0,30,,6940,35,4,,0,70,,6941,35,4,,0,30,,6942,35,4,,0
301,'100000',730,,5783,1,0,34 2 35 15 7 16,0,100,,5784,1,0,34 2 35 15 7 16,0,100,,5785,1,0,34 2 35 15 7 16,0,100,,5786,1,0,34 2 35 15 7 16,0,100,,5787,1,0,34 2 35 15 7 16,0,115,,5788,1,0,34 2 35 15 7 16,0,100,,5789,1,0,34 2 35 15 7 16,0,100,,5790,1,0,34 2 35 15 7 16,0,100,,5791,1,0,34 2 35 15 7 16,0,155,,5780,1,0,34 2 35 15 7 16,0,100,,5781,1,0,34 2 35 15 7 16,0,100,,5782,1,0,34 2 35 15 7 16,0
301,'100009',730,,5735,1,0,34 2 35 15 7 16,0,100,,5736,1,0,34 2 35 15 7 16,0,100,,5737,1,0,34 2 35 15 7 16,0,100,,5738,1,0,34 2 35 15 7 16,0,100,,5739,1,0,34 2 35 15 7 16,0,115,,5740,1,0,34 2 35 15 7 16,0,100,,5741,1,0,34 2 35 15 7 16,0,100,,5742,1,0,34 2 35 15 7 16,0,100,,5743,1,0,34 2 35 15 7 16,0,155,,5734,1,0,34 2 35 15 7 16,0,100,,5732,1,0,34 2 35 15 7 16,0,100,,5733,1,0,34 2 35 15 7 16,0
301,'100010',522,,5744,1,0,34 2 35 15 7 16,0,30,,5745,1,0,34 2 35 15 7 16,0,70,,5746,1,0,34 2 35 15 7 16,0,30,,5747,1,0,34 2 35 15 7 16,0,70,,5748,1,0,34 2 35 15 7 16,0,10,,5778,1,0,34 2 35 15 7 16,0,20,,5753,1,0,34 2 35 15 7 16,0,80,,5749,1,0,34 2 35 15 7 16,0,70,,5754,1,0,34 2 35 15 7 16,0,30,,5750,1,0,34 2 35 15 7 16,0,70,,5755,1,0,34 2 35 15 7 16,0,30,,5751,1,0,34 2 35 15 7 16,0,70,,5756,1,0,34 2 35 15 7 16,0,30,,5752,1,0,34 2 35 15 7 16,0,70,,5757,1,0,34 2 35 15 7 16,0,38,,5758,1,0,34 2 35 15 7 16,0,75,,5759,1,0,34 2 35 15 7 16,0,35,,5760,1,0,34 2 35 15 7 16,0,54,,5777,1,0,34 2 35 15 7 16,0,21,,5761,1,0,34 2 35 15 7 16,0,75,,5762,1,0,34 2 35 15 7 16,0,5,,5779,1,0,34 2 35 15 7 16,0,30,,5763,1,0,34 2 35 15 7 16,0,75,,5764,1,0,34 2 35 15 7 16,0,40,,5765,1,0,34 2 35 15 7 16,0,85,,5766,1,0,34 2 35 15 7 16,0,70,,5767,1,0,34 2 35 15 7 16,0,30,,5768,1,0,34 2 35 15 7 16,0,70,,5769,1,0,34 2 35 15 7 16,0,30,,5770,1,0,34 2 35 15 7 16,0,85,,5771,1,0,34 2 35 15 7 16,0,30,,5772,1,0,34 2 35 15 7 16,0,70,,5773,1,0,34 2 35 15 7 16,0,30,,5774,1,0,34 2 35 15 7 16,0,70,,5775,1,0,34 2 35 15 7 16,0,30,,5776,1,0,34 2 35 15 7 16,0
301,'100011',522,,6946,1,0,34 2 35 15 7 16,0,30,,6947,1,0,34 2 35 15 7 16,0,70,,6948,1,0,34 2 35 15 7 16,0,30,,6949,1,0,34 2 35 15 7 16,0,70,,6950,1,0,34 2 35 15 7 16,0,10,,6980,1,0,34 2 35 15 7 16,0,20,,6955,1,0,34 2 35 15 7 16,0,80,,6951,1,0,34 2 35 15 7 16,0,70,,6956,1,0,34 2 35 15 7 16,0,30,,6952,1,0,34 2 35 15 7 16,0,70,,6957,1,0,34 2 35 15 7 16,0,30,,6953,1,0,34 2 35 15 7 16,0,70,,6958,1,0,34 2 35 15 7 16,0,30,,6954,1,0,34 2 35 15 7 16,0,70,,6959,1,0,34 2 35 15 7 16,0,38,,6960,1,0,34 2 35 15 7 16,0,75,,6961,1,0,34 2 35 15 7 16,0,35,,6962,1,0,34 2 35 15 7 16,0,54,,6979,1,0,34 2 35 15 7 16,0,21,,6963,1,0,34 2 35 15 7 16,0,75,,6964,1,0,34 2 35 15 7 16,0,5,,6981,1,0,34 2 35 15 7 16,0,30,,6965,1,0,34 2 35 15 7 16,0,75,,6966,1,0,34 2 35 15 7 16,0,40,,6967,1,0,34 2 35 15 7 16,0,85,,6968,1,0,34 2 35 15 7 16,0,70,,6969,1,0,34 2 35 15 7 16,0,30,,6970,1,0,34 2 35 15 7 16,0,70,,6971,1,0,34 2 35 15 7 16,0,30,,6972,1,0,34 2 35 15 7 16,0,85,,6973,1,0,34 2 35 15 7 16,0,30,,6974,1,0,34 2 35 15 7 16,0,70,,6975,1,0,34 2 35 15 7 16,0,30,,6976,1,0,34 2 35 15 7 16,0,70,,6977,1,0,34 2 35 15 7 16,0,30,,6978,1,0,34 2 35 15 7 16,0
400,'100000',730,,5883,1,,,0,70,,5895,1,,,0,30,,5884,1,,,0,70,,5896,1,,,0,30,,5885,1,,,0,70,,5897,1,,,0,30,,5886,1,,,0,70,,5898,1,,,0,30,,5887,1,,,0,70,,5899,1,,,0,45,,5888,1,,,0,70,,5900,1,,,0,30,,5889,1,,,0,70,,5901,1,,,0,30,,5890,1,,,0,70,,5902,1,,,0,30,,5891,1,,,0,85,,5903,1,,,0,70,,5892,1,,,0,30,,5904,1,,,0,70,,5893,1,,,0,30,,5905,1,,,0,70,,5894,1,,,0
400,'100009',730,,5827,1,,,0,70,,5838,1,,,0,30,,5828,1,,,0,70,,5839,1,,,0,30,,5829,1,,,0,70,,5840,1,,,0,30,,5830,1,,,0,70,,5841,1,,,0,30,,5831,1,,,0,70,,5842,1,,,0,45,,5832,1,,,0,70,,5843,1,,,0,30,,5833,1,,,0,70,,5844,1,,,0,30,,5834,1,,,0,70,,5845,1,,,0,30,,5835,1,,,0,85,,5846,1,,,0,70,,5836,1,,,0,30,,5847,1,,,0,70,,5837,1,,,0,30,,5848,1,,,0,70,,5826,1,,,0
400,'100010',522,,5878,1,,,0,28,,5878,42,4,,0,2,,5857,1,,,0,68,,5857,42,4,,0,2,,5849,1,,,0,18,,5876,1,,,0,10,,5849,42,4,,0,2,,5858,1,,,0,56,,5876,42,4,,0,12,,5858,42,4,,0,2,,5850,1,,,0,28,,5850,42,4,,0,2,,5859,1,,,0,68,,5859,42,4,,0,12,,5851,1,,,0,68,,5851,42,4,,0,2,,5877,1,,,0,28,,5877,42,4,,0,2,,5852,1,,,0,68,,5852,42,4,,0,2,,5873,1,,,0,28,,5873,42,4,,0,2,,5853,1,,,0,68,,5853,42,4,,0,2,,5874,1,,,0,28,,5874,42,4,,0,2,,5854,1,,,0,68,,5854,42,4,,0,2,,5875,1,,,0,28,,5875,42,4,,0,10,,5855,1,,,0,70,,5855,42,4,,0,5,,5880,1,,,0,30,,5880,42,4,,0,5,,5856,1,,,0,70,,5856,42,4,,0,5,,5860,1,,,0,30,,5860,42,4,,0,45,,5879,1,,,0,30,,5879,42,4,,0,5,,5861,1,,,0,70,,5861,42,4,,0,5,,5862,1,,,0,30,,5862,42,4,,0,10,,5868,1,,,0,70,,5868,42,4,,0,15,,5863,1,,,0,68,,5863,42,4,,0,2,,5869,1,,,0,28,,5869,42,4,,0,2,,5864,1,,,0,68,,5864,42,4,,0,2,,5870,1,,,0,28,,5870,42,4,,0,2,,5865,1,,,0,68,,5865,42,4,,0,17,,5871,1,,,0,28,,5871,42,4,,0,2,,5866,1,,,0,68,,5866,42,4,,0,2,,5872,1,,,0,28,,5872,42,4,,0,2,,5867,1,,,0,68,,5867,42,4,,0,2,,5881,1,,,0,28,,5881,42,4,,0,2,,5882,1,,,0,68,,5882,42,4,,0
400,'100011',522,,7011,1,,,0,28,,7011,42,4,,0,2,,6990,1,,,0,68,,6990,42,4,,0,2,,6982,1,,,0,18,,7009,1,,,0,10,,6982,42,4,,0,2,,6991,1,,,0,56,,7009,42,4,,0,12,,6991,42,4,,0,2,,6983,1,,,0,28,,6983,42,4,,0,2,,6992,1,,,0,68,,6992,42,4,,0,12,,6984,1,,,0,68,,6984,42,4,,0,2,,7010,1,,,0,28,,7010,42,4,,0,2,,6985,1,,,0,68,,6985,42,4,,0,2,,7006,1,,,0,28,,7006,42,4,,0,2,,6986,1,,,0,68,,6986,42,4,,0,2,,7007,1,,,0,28,,7007,42,4,,0,2,,6987,1,,,0,68,,6987,42,4,,0,2,,7008,1,,,0,28,,7008,42,4,,0,10,,6988,1,,,0,70,,6988,42,4,,0,5,,7013,1,,,0,30,,7013,42,4,,0,5,,6989,1,,,0,70,,6989,42,4,,0,5,,6993,1,,,0,30,,6993,42,4,,0,45,,7012,1,,,0,30,,7012,42,4,,0,5,,6994,1,,,0,70,,6994,42,4,,0,5,,6995,1,,,0,30,,6995,42,4,,0,10,,7001,1,,,0,70,,7001,42,4,,0,15,,6996,1,,,0,68,,6996,42,4,,0,2,,7002,1,,,0,28,,7002,42,4,,0,2,,6997,1,,,0,68,,6997,42,4,,0,2,,7003,1,,,0,28,,7003,42,4,,0,2,,6998,1,,,0,68,,6998,42,4,,0,17,,7004,1,,,0,28,,7004,42,4,,0,2,,6999,1,,,0,68,,6999,42,4,,0,2,,7005,1,,,0,28,,7005,42,4,,0,2,,7000,1,,,0,68,,7000,42,4,,0,2,,7014,1,,,0,28,,7014,42,4,,0,2,,7015,1,,,0,68,,7015,42,4,,0
700,'100000',828,,6165,44,4,,0,100,,6166,44,4,,0,100,,6167,44,4,,0,100,,6168,44,4,,0,100,,6169,44,4,,0,115,,6170,44,4,,0,100,,6171,44,4,,0,100,,6172,44,4,,0,115,,6173,44,4,,0,100,,6174,44,4,,0,100,,6175,44,4,,0
700,'100009',828,,6120,44,4,,0,100,,6121,44,4,,0,100,,6122,44,4,,0,100,,6123,44,4,,0,100,,6124,44,4,,0,115,,6125,44,4,,0,100,,6126,44,4,,0,100,,6127,44,4,,0,115,,6128,44,4,,0,100,,6129,44,4,,0,100,,6130,44,4,,0
800,'100000',758,,6252,43,4,,0,100,,6253,43,4,,0,100,,6254,43,4,,0,100,,6255,43,4,,0,100,,6256,43,4,,0,155,,6257,43,4,,0,100,,6258,43,4,,0,100,,6259,43,4,,0,100,,6260,43,4,,0,115,,6261,43,4,,0,100,,6262,43,4,,0,100,,6263,43,4,,0
800,'100009',758,,6208,43,4,,0,100,,6214,43,4,,0,100,,6209,43,4,,0,100,,6215,43,4,,0,100,,6210,43,4,,0,155,,6216,43,4,,0,100,,6211,43,4,,0,100,,6217,43,4,,0,100,,6212,43,4,,0,115,,6218,43,4,,0,100,,6213,43,4,,0,100,,6219,43,4,,0
1000900,'100000',730,,6634,2,,,0,80,,6635,2,,,0,40,,6636,2,,,0,80,,6637,2,,,0,80,,6638,2,,,0,40,,6639,2,,,0,80,,6640,2,,,0,85,,6641,2,,,0,40,,6642,2,,,0,80,,6643,2,,,0,80,,6644,2,,,0,40,,6645,2,,,0,80,,6646,2,,,0,80,,6647,2,,,0,85,,6648,2,,,0,40,,6649,2,,,0,80,,6650,2,,,0,80,,6651,2,,,0
1000900,'100009',730,,6581,2,,,0,80,,6582,2,,,0,40,,6583,2,,,0,80,,6584,2,,,0,80,,6585,2,,,0,40,,6586,2,,,0,80,,6587,2,,,0,85,,6588,2,,,0,40,,6589,2,,,0,80,,6590,2,,,0,80,,6591,2,,,0,40,,6592,2,,,0,80,,6593,2,,,0,80,,6594,2,,,0,85,,6595,2,,,0,40,,6596,2,,,0,80,,6597,2,,,0,80,,6598,2,,,0
1000900,'100010',518,,6609,2,,,0,30,,7261,2,,,0,70,,6611,2,,,0,30,,6612,2,,,0,70,,7262,2,,,0,30,,6614,2,,,0,62,,6615,2,,,0,28,,7263,2,,,0,74,,6617,2,,,0,20,,6618,2,,,0,70,,7264,2,,,0,30,,6620,2,,,0,70,,6621,2,,,0,30,,7265,2,,,0,70,,6623,2,,,0,30,,6624,2,,,0,70,,7266,2,,,0,30,,6626,2,,,0,70,,6627,2,,,0,34,,7267,2,,,0,66,,6629,2,,,0,28,,6630,2,,,0,72,,7268,2,,,0,30,,6632,2,,,0,18,,6633,2,,,0,85,,7260,2,,,0,70,,6603,2,,,0,30,,6606,2,,,0,70,,7259,2,,,0,30,,6601,2,,,0,85,,6607,2,,,0,85,,6605,2,,,0,35,,6604,2,,,0,75,,6608,2,,,0,35,,6600,2,,,0
1000900,'100011',518,,7279,2,,,0,30,,7280,2,,,0,70,,7281,2,,,0,30,,7282,2,,,0,70,,7283,2,,,0,30,,7284,2,,,0,62,,7285,2,,,0,28,,7286,2,,,0,74,,7287,2,,,0,20,,7288,2,,,0,70,,7289,2,,,0,30,,7290,2,,,0,70,,7291,2,,,0,30,,7292,2,,,0,70,,7293,2,,,0,30,,7294,2,,,0,70,,7295,2,,,0,30,,7296,2,,,0,70,,7297,2,,,0,30,,7298,2,,,0,70,,7299,2,,,0,28,,7300,2,,,0,72,,7301,2,,,0,30,,7302,2,,,0,18,,7303,2,,,0,85,,7272,2,,,0,70,,7273,2,,,0,30,,7276,2,,,0,70,,7269,2,,,0,30,,7271,2,,,0,85,,7277,2,,,0,85,,7275,2,,,0,35,,7274,2,,,0,75,,7278,2,,,0,35,,7270,2,,,0
2000900,'100000',750,,6739,2,,,0,80,,6740,2,,,0,80,,6741,2,,,0,40,,6742,2,,,0,80,,6743,2,,,0,80,,6744,2,,,0,40,,6745,2,,,0,80,,6746,2,,,0,85,,6747,2,,,0,40,,6748,2,,,0,80,,6749,2,,,0,80,,6750,2,,,0,85,,6751,2,,,0,40,,6752,2,,,0,80,,6753,2,,,0,80,,6754,2,,,0,40,,6755,2,,,0
2000900,'100009',750,,6687,2,,,0,80,,6688,2,,,0,80,,6689,2,,,0,40,,6690,2,,,0,80,,6691,2,,,0,80,,6692,2,,,0,40,,6693,2,,,0,80,,6694,2,,,0,85,,6695,2,,,0,40,,6696,2,,,0,80,,6697,2,,,0,80,,6698,2,,,0,85,,6699,2,,,0,40,,6700,2,,,0,80,,6701,2,,,0,80,,6702,2,,,0,40,,6703,2,,,0
2000900,'100010',542,,6704,2,,,0,60,,6705,2,,,0,30,,7304,2,,,0,70,,6707,2,,,0,30,,6708,2,,,0,20,,7305,2,,,0,80,,6710,2,,,0,22,,6735,2,,,0,68,,7306,2,,,0,29,,6712,2,,,0,60,,6713,2,,,0,30,,7307,2,,,0,70,,6715,2,,,0,30,,6716,2,,,0,70,,7308,2,,,0,30,,6718,2,,,0,70,,6719,2,,,0,30,,7309,2,,,0,70,,6721,2,,,0,31,,6722,2,,,0,81,,7310,2,,,0,23,,6724,2,,,0,64,,6725,2,,,0,32,,7311,2,,,0,78,,6727,2,,,0,30,,6728,2,,,0,70,,7312,2,,,0,30,,6730,2,,,0,70,,6731,2,,,0,26,,7313,2,,,0,74,,6733,2,,,0,34,,6734,2,,,0,85,,6736,2,,,0,75,,6737,2,,,0,36,,6738,2,,,0
2000900,'100011',542,,7314,2,,,0,60,,7315,2,,,0,30,,7316,2,,,0,70,,7317,2,,,0,30,,7318,2,,,0,20,,7319,2,,,0,80,,7320,2,,,0,22,,7345,2,,,0,68,,7321,2,,,0,29,,7322,2,,,0,60,,7323,2,,,0,30,,7324,2,,,0,70,,7325,2,,,0,30,,7326,2,,,0,70,,7327,2,,,0,30,,7328,2,,,0,70,,7329,2,,,0,30,,7330,2,,,0,70,,7331,2,,,0,31,,7332,2,,,0,81,,7333,2,,,0,23,,7334,2,,,0,64,,7335,2,,,0,32,,7336,2,,,0,78,,7337,2,,,0,30,,7338,2,,,0,70,,7339,2,,,0,30,,7340,2,,,0,70,,7341,2,,,0,26,,7342,2,,,0,74,,7343,2,,,0,34,,7344,2,,,0,85,,7346,2,,,0,75,,7347,2,,,0,36,,7348,2,,,0
