100,'100000',849,,5242,24,,,0,100,,5243,24,,,0,100,,5244,24,,,0,100,,5245,24,,,0,100,,5246,24,,,0,100,,5247,24,,,0,100,,5248,24,,,0,100,,5249,24,,,0,100,,5250,24,,,0,100,,5251,24,,,0,100,,5252,24,,,0,100,,5253,24,,,0
100,'100009',819,,5197,24,,,0,30,,5184,24,,,0,70,,5207,24,,,0,30,,5185,24,,,0,70,,5198,24,,,0,30,,5186,24,,,0,70,,5199,24,,,0,30,,5188,24,,,0,70,,5200,24,,,0,30,,5187,24,,,0,70,,5201,24,,,0,30,,5189,24,,,0,70,,5202,24,,,0,30,,5190,24,,,0,70,,5203,24,,,0,30,,5191,24,,,0,70,,5204,24,,,0,30,,5192,24,,,0,70,,5205,24,,,0,30,,5193,24,,,0,70,,5206,24,,,0,30,,5194,24,,,0,70,,5196,24,,,0,30,,5195,24,,,0
100,'100010',611,,5208,24,,,0,30,,5213,24,,,0,70,,5209,24,,,0,30,,5226,24,,,0,70,,5210,24,,,0,30,,5214,24,,,0,80,,5211,24,,,0,28,,5227,24,,,0,70,,5212,24,,,0,30,,5215,24,,,0,70,,5224,24,,,0,30,,5228,24,,,0,70,,5225,24,,,0,31,,5216,24,,,0,70,,5223,24,,,0,30,,5229,24,,,0,70,,5217,24,,,0,80,,5238,24,,,0,19,,5231,24,,,0,39,,5237,24,,,0,70,,5230,24,,,0,30,,5236,24,,,0,70,,5218,24,,,0,28,,5235,24,,,0,70,,5219,24,,,0,30,,5234,24,,,0,70,,5220,24,,,0,30,,5233,24,,,0,80,,5221,24,,,0,70,,5232,24,,,0,30,,5222,24,,,0,70,,5240,24,,,0,28,,5239,24,,,0,69,,5241,24,,,0
100,'100011',611,,6756,24,,,0,30,,6761,24,,,0,70,,6757,24,,,0,30,,6774,24,,,0,70,,6758,24,,,0,30,,6762,24,,,0,80,,6759,24,,,0,28,,6775,24,,,0,70,,6760,24,,,0,30,,6763,24,,,0,70,,6772,24,,,0,30,,6776,24,,,0,70,,6773,24,,,0,31,,6764,24,,,0,70,,6771,24,,,0,30,,6777,24,,,0,70,,6765,24,,,0,80,,6786,24,,,0,19,,6779,24,,,0,39,,6785,24,,,0,70,,6778,24,,,0,30,,6784,24,,,0,70,,6766,24,,,0,28,,6783,24,,,0,70,,6767,24,,,0,30,,6782,24,,,0,70,,6768,24,,,0,30,,6781,24,,,0,80,,6769,24,,,0,70,,6780,24,,,0,30,,6770,24,,,0,70,,6788,24,,,0,28,,6787,24,,,0,69,,6789,24,,,0
200,'100000',726,,5476,23,,,0,30,,5454,23,,,0,70,,5455,23,,,0,30,,5456,23,,,0,70,,5457,23,,,0,30,,5458,23,,,0,70,,5459,23,,,0,30,,5460,23,,,0,70,,5461,23,,,0,30,,5462,23,,,0,70,,5463,23,,,0,85,,5464,23,,,0,30,,5465,23,,,0,70,,5466,23,,,0,30,,5467,23,,,0,70,,5468,23,,,0,30,,5469,23,,,0,70,,5479,23,,,0,45,,5471,23,,,0,70,,5472,23,,,0,30,,5473,23,,,0,70,,5474,23,,,0,30,,5475,23,,,0,70,,5470,23,,,0
200,'100009',726,,5415,23,,,0,30,,5414,23,,,0,70,,5395,23,,,0,30,,5394,23,,,0,70,,5396,23,,,0,30,,5397,23,,,0,70,,5398,23,,,0,30,,5399,23,,,0,70,,5400,23,,,0,30,,5401,23,,,0,70,,5418,23,,,0,85,,5402,23,,,0,30,,5403,23,,,0,70,,5404,23,,,0,30,,5405,23,,,0,70,,5406,23,,,0,30,,5407,23,,,0,70,,5416,23,,,0,45,,5408,23,,,0,70,,5409,23,,,0,30,,5410,23,,,0,70,,5411,23,,,0,30,,5412,23,,,0,70,,5413,23,,,0
200,'100010',548,,5420,23,,,0,70,,5429,23,,,0,30,,5421,23,,,0,70,,5430,23,,,0,30,,5422,23,,,0,70,,6825,23,,,0,40,,5423,23,,,0,70,,6826,23,,,0,30,,5424,23,,,0,70,,6827,23,,,0,30,,5425,23,,,0,70,,6828,23,,,0,30,,5426,23,,,0,70,,6829,23,,,0,83,,5427,23,,,0,35,,6830,23,,,0,75,,5428,23,,,0,35,,6831,23,,,0,75,,5445,23,,,0,75,,5438,23,,,0,35,,5446,23,,,0,80,,5439,23,,,0,80,,5440,23,,,0,30,,5447,23,,,0,70,,5441,23,,,0,30,,5448,23,,,0,70,,5442,23,,,0,45,,5449,23,,,0,70,,5443,23,,,0,30,,5450,23,,,0,70,,5444,23,,,0,30,,5451,23,,,0,70,,5452,23,,,0
200,'100011',548,,6833,23,,,0,70,,6842,23,,,0,30,,6834,23,,,0,70,,6843,23,,,0,30,,6835,23,,,0,70,,6844,23,,,0,40,,6836,23,,,0,70,,6845,23,,,0,30,,6837,23,,,0,70,,6846,23,,,0,30,,6838,23,,,0,70,,6847,23,,,0,30,,6839,23,,,0,70,,6848,23,,,0,83,,6840,23,,,0,35,,6849,23,,,0,75,,6841,23,,,0,35,,6850,23,,,0,75,,6858,23,,,0,75,,6851,23,,,0,35,,6859,23,,,0,80,,6852,23,,,0,80,,6853,23,,,0,30,,6860,23,,,0,70,,6854,23,,,0,30,,6861,23,,,0,70,,6855,23,,,0,45,,6862,23,,,0,70,,6856,23,,,0,30,,6863,23,,,0,70,,6857,23,,,0,30,,6864,23,,,0,70,,6865,23,,,0
600,'100000',756,,6081,37,,,0,100,,6082,37,,,0,100,,6083,37,,,0,100,,6084,37,,,0,100,,6085,37,,,0,155,,6077,37,,,0,100,,6076,37,,,0,100,,6075,37,,,0,100,,6074,37,,,0,115,,6079,37,,,0,100,,6078,37,,,0,100,,6080,37,,,0
600,'100009',756,,6035,37,,,0,100,,6036,37,,,0,100,,6038,37,,,0,100,,6027,37,,,0,100,,6037,37,,,0,155,,6031,37,,,0,100,,6028,37,,,0,100,,6032,37,,,0,100,,6029,37,,,0,115,,6033,37,,,0,100,,6030,37,,,0,100,,6034,37,,,0
600,'100010',548,,6049,37,,,0,70,,6039,37,,,0,18,,6067,37,,,0,12,,6050,37,,,0,70,,6040,37,,,0,18,,6068,37,,,0,12,,6051,37,,,0,70,,6041,37,,,0,39,,6042,37,,,0,70,,6059,37,,,0,30,,6043,37,,,0,70,,6060,37,,,0,30,,6044,37,,,0,70,,6069,37,,,0,30,,6045,37,,,0,70,,6070,37,,,0,84,,6046,37,,,0,35,,6071,37,,,0,75,,6047,37,,,0,35,,6052,37,,,0,75,,6048,37,,,0,75,,6061,37,,,0,35,,6053,37,,,0,80,,6062,37,,,0,80,,6054,37,,,0,30,,6063,37,,,0,70,,6055,37,,,0,30,,6064,37,,,0,70,,6056,37,,,0,45,,6065,37,,,0,70,,6057,37,,,0,30,,6066,37,,,0,70,,6058,37,,,0,30,,6073,37,,,0,70,,6072,37,,,0
600,'100011',548,,7058,37,,,0,70,,7048,37,,,0,18,,7076,37,,,0,12,,7059,37,,,0,70,,7049,37,,,0,18,,7077,37,,,0,12,,7060,37,,,0,70,,7050,37,,,0,39,,7051,37,,,0,70,,7068,37,,,0,30,,7052,37,,,0,70,,7069,37,,,0,30,,7053,37,,,0,70,,7078,37,,,0,30,,7054,37,,,0,70,,7079,37,,,0,84,,7055,37,,,0,35,,7080,37,,,0,75,,7056,37,,,0,35,,7061,37,,,0,75,,7057,37,,,0,75,,7070,37,,,0,35,,7062,37,,,0,80,,7071,37,,,0,80,,7063,37,,,0,30,,7072,37,,,0,70,,7064,37,,,0,30,,7073,37,,,0,70,,7065,37,,,0,45,,7074,37,,,0,70,,7066,37,,,0,30,,7075,37,,,0,70,,7067,37,,,0,30,,7082,37,,,0,70,,7081,37,,,0
700,'100000',826,,6165,42,,,0,100,,6166,42,,,0,100,,6167,42,,,0,100,,6168,42,,,0,100,,6169,42,,,0,115,,6170,42,,,0,100,,6171,42,,,0,100,,6172,42,,,0,115,,6173,42,,,0,100,,6174,42,,,0,100,,6175,42,,,0
700,'100009',826,,6120,42,,,0,100,,6121,42,,,0,100,,6122,42,,,0,100,,6123,42,,,0,100,,6124,42,,,0,115,,6125,42,,,0,100,,6126,42,,,0,100,,6127,42,,,0,115,,6128,42,,,0,100,,6129,42,,,0,100,,6130,42,,,0
700,'100010',549,,6131,42,,,0,70,,6141,42,,,0,30,,6132,42,,,0,58,,6159,42,,,0,12,,6142,42,,,0,30,,6133,42,,,0,70,,6143,42,,,0,40,,6152,42,,,0,70,,6134,42,,,0,30,,6153,42,,,0,70,,6135,42,,,0,30,,6160,42,,,0,70,,6136,42,,,0,30,,6161,42,,,0,70,,6137,42,,,0,83,,6162,42,,,0,35,,6138,42,,,0,75,,6144,42,,,0,35,,6139,42,,,0,75,,6145,42,,,0,75,,6140,42,,,0,35,,6146,42,,,0,80,,6147,42,,,0,80,,6154,42,,,0,30,,6148,42,,,0,70,,6155,42,,,0,30,,6149,42,,,0,70,,6156,42,,,0,45,,6150,42,,,0,70,,6157,42,,,0,30,,6151,42,,,0,70,,6158,42,,,0,30,,6163,42,,,0,70,,6164,42,,,0
700,'100011',549,,7083,42,,,0,70,,7093,42,,,0,30,,7084,42,,,0,58,,7111,42,,,0,12,,7094,42,,,0,30,,7085,42,,,0,70,,7095,42,,,0,40,,7104,42,,,0,70,,7086,42,,,0,30,,7105,42,,,0,70,,7087,42,,,0,30,,7112,42,,,0,70,,7088,42,,,0,30,,7113,42,,,0,70,,7089,42,,,0,83,,7114,42,,,0,35,,7090,42,,,0,75,,7096,42,,,0,35,,7091,42,,,0,75,,7097,42,,,0,75,,7092,42,,,0,35,,7098,42,,,0,80,,7099,42,,,0,80,,7106,42,,,0,30,,7100,42,,,0,70,,7107,42,,,0,30,,7101,42,,,0,70,,7108,42,,,0,45,,7102,42,,,0,70,,7109,42,,,0,30,,7103,42,,,0,70,,7110,42,,,0,30,,7115,42,,,0,70,,7116,42,,,0
1000900,'100000',801,,6634,35,,,0,40,,6635,35,,,0,80,,6636,35,,,0,80,,6637,35,,,0,40,,6638,35,,,0,82,,6639,35,,,0,80,,6640,35,,,0,45,,6641,35,,,0,80,,6642,35,,,0,81,,6643,35,,,0,40,,6644,35,,,0,80,,6645,35,,,0,80,,6646,35,,,0,40,,6647,35,,,0,85,,6648,35,,,0,80,,6649,35,,,0,40,,6650,35,,,0,80,,6651,35,,,0
1000900,'100009',801,,6581,35,,,0,40,,6582,35,,,0,80,,6583,35,,,0,80,,6584,35,,,0,40,,6585,35,,,0,82,,6586,35,,,0,80,,6587,35,,,0,45,,6588,35,,,0,80,,6589,35,,,0,81,,6590,35,,,0,40,,6591,35,,,0,80,,6592,35,,,0,80,,6593,35,,,0,40,,6594,35,,,0,85,,6595,35,,,0,80,,6596,35,,,0,40,,6597,35,,,0,80,,6598,35,,,0
1000900,'100010',548,,6609,35,,,0,70,,7261,35,,,0,30,,6611,35,,,0,70,,6612,35,,,0,30,,7262,35,,,0,70,,6614,35,,,0,22,,6615,35,,,0,68,,7263,35,,,0,35,,6617,35,,,0,60,,6618,35,,,0,30,,7264,35,,,0,70,,6620,35,,,0,30,,6621,35,,,0,70,,7265,35,,,0,30,,6623,35,,,0,70,,6624,35,,,0,30,,7266,35,,,0,70,,6626,35,,,0,34,,6627,35,,,0,82,,7267,35,,,0,22,,6629,35,,,0,64,,6630,35,,,0,32,,7268,35,,,0,70,,6632,35,,,0,18,,6633,35,,,0,85,,7260,35,,,0,30,,6603,35,,,0,70,,6606,35,,,0,30,,7259,35,,,0,67,,6601,35,,,0,43,,6607,35,,,0,85,,6605,35,,,0,75,,6604,35,,,0,35,,6608,35,,,0,75,,6600,35,,,0
1000900,'100011',548,,7279,35,,,0,70,,7280,35,,,0,30,,7281,35,,,0,70,,7282,35,,,0,30,,7283,35,,,0,70,,7284,35,,,0,22,,7285,35,,,0,68,,7286,35,,,0,35,,7287,35,,,0,60,,7288,35,,,0,30,,7289,35,,,0,70,,7290,35,,,0,30,,7291,35,,,0,70,,7292,35,,,0,30,,7293,35,,,0,70,,7294,35,,,0,30,,7295,35,,,0,70,,7296,35,,,0,34,,7297,35,,,0,70,,7298,35,,,0,34,,7299,35,,,0,64,,7300,35,,,0,32,,7301,35,,,0,70,,7302,35,,,0,18,,7303,35,,,0,85,,7272,35,,,0,30,,7273,35,,,0,70,,7276,35,,,0,30,,7269,35,,,0,67,,7271,35,,,0,43,,7277,35,,,0,85,,7275,35,,,0,75,,7274,35,,,0,35,,7278,35,,,0,75,,7270,35,,,0
2000900,'100000',823,,6739,33,,,0,80,,6740,33,,,0,40,,6741,33,,,0,80,,6742,33,,,0,80,,6743,33,,,0,40,,6744,33,,,0,80,,6745,33,,,0,80,,6746,33,,,0,45,,6747,33,,,0,80,,6748,33,,,0,81,,6749,33,,,0,40,,6750,33,,,0,85,,6751,33,,,0,80,,6752,33,,,0,40,,6753,33,,,0,80,,6754,33,,,0,80,,6755,33,,,0
2000900,'100009',823,,6687,33,,,0,80,,6688,33,,,0,40,,6689,33,,,0,80,,6690,33,,,0,80,,6691,33,,,0,40,,6692,33,,,0,80,,6693,33,,,0,80,,6694,33,,,0,45,,6695,33,,,0,80,,6696,33,,,0,81,,6697,33,,,0,40,,6698,33,,,0,85,,6699,33,,,0,80,,6700,33,,,0,40,,6701,33,,,0,80,,6702,33,,,0,80,,6703,33,,,0
2000900,'100010',613,,6704,33,,,0,20,,6705,33,,,0,70,,7304,33,,,0,30,,6707,33,,,0,70,,6708,33,,,0,20,,7305,33,,,0,80,,6710,33,,,0,22,,6735,33,,,0,28,,7306,33,,,0,70,,6712,33,,,0,20,,6713,33,,,0,70,,7307,33,,,0,30,,6715,33,,,0,70,,6716,33,,,0,30,,7308,33,,,0,70,,6718,33,,,0,30,,6719,33,,,0,70,,7309,33,,,0,33,,6721,33,,,0,71,,6722,33,,,0,41,,7310,33,,,0,63,,6724,33,,,0,24,,6725,33,,,0,72,,7311,33,,,0,38,,6727,33,,,0,70,,6728,33,,,0,30,,7312,33,,,0,70,,6730,33,,,0,30,,6731,33,,,0,65,,7313,33,,,0,31,,6733,33,,,0,74,,6734,33,,,0,85,,6736,33,,,0,35,,6737,33,,,0,76,,6738,33,,,0
2000900,'100011',613,,7314,33,,,0,20,,7315,33,,,0,70,,7316,33,,,0,30,,7317,33,,,0,70,,7318,33,,,0,20,,7319,33,,,0,80,,7320,33,,,0,22,,7345,33,,,0,28,,7321,33,,,0,70,,7322,33,,,0,20,,7323,33,,,0,70,,7324,33,,,0,30,,7325,33,,,0,70,,7326,33,,,0,30,,7327,33,,,0,70,,7328,33,,,0,30,,7329,33,,,0,70,,7330,33,,,0,33,,7331,33,,,0,71,,7332,33,,,0,41,,7333,33,,,0,63,,7334,33,,,0,24,,7335,33,,,0,72,,7336,33,,,0,38,,7337,33,,,0,70,,7338,33,,,0,30,,7339,33,,,0,70,,7340,33,,,0,30,,7341,33,,,0,65,,7342,33,,,0,31,,7343,33,,,0,74,,7344,33,,,0,85,,7346,33,,,0,35,,7347,33,,,0,76,,7348,33,,,0
