500,'100000',820,,5981,40,,,0,100,,5982,40,,,0,100,,5983,40,,,0,100,,5984,40,,,0,100,,5985,40,,,0,115,,5986,40,,,0,100,,5987,40,,,0,100,,5988,40,,,0,115,,5989,40,,,0,100,,5990,40,,,0,100,,5991,40,,,0
500,'100009',820,,5938,40,,,0,100,,5944,40,,,0,100,,5939,40,,,0,100,,5945,40,,,0,100,,5940,40,,,0,115,,5946,40,,,0,100,,5941,40,,,0,100,,5947,40,,,0,115,,5942,40,,,0,100,,5948,40,,,0,100,,5943,40,,,0
500,'100010',612,,5949,40,,,0,30,,5965,40,,,0,70,,5950,40,,,0,30,,5966,40,,,0,70,,5951,40,,,0,40,,5952,40,,,0,70,,5974,40,,,0,30,,5953,40,,,0,70,,5977,40,,,0,30,,5954,40,,,0,70,,5976,40,,,0,30,,5955,40,,,0,70,,5978,40,,,0,82,,5956,40,,,0,35,,5975,40,,,0,75,,5957,40,,,0,35,,5967,40,,,0,75,,5958,40,,,0,35,,5968,40,,,0,75,,5959,40,,,0,80,,5960,40,,,0,41,,5969,40,,,0,70,,5961,40,,,0,30,,5970,40,,,0,70,,5962,40,,,0,30,,5971,40,,,0,85,,5963,40,,,0,70,,5972,40,,,0,30,,5964,40,,,0,70,,5973,40,,,0,30,,5979,40,,,0,70,,5980,40,,,0
500,'100012',612,,7016,40,,,0,30,,7032,40,,,0,70,,7017,40,,,0,30,,7033,40,,,0,70,,7018,40,,,0,40,,7019,40,,,0,70,,7041,40,,,0,30,,7020,40,,,0,70,,7044,40,,,0,30,,7021,40,,,0,70,,7043,40,,,0,30,,7022,40,,,0,70,,7045,40,,,0,82,,7023,40,,,0,35,,7042,40,,,0,75,,7024,40,,,0,35,,7034,40,,,0,75,,7025,40,,,0,35,,7035,40,,,0,75,,7026,40,,,0,80,,7027,40,,,0,41,,7036,40,,,0,70,,7028,40,,,0,30,,7037,40,,,0,70,,7029,40,,,0,30,,7038,40,,,0,85,,7030,40,,,0,70,,7039,40,,,0,30,,7031,40,,,0,70,,7040,40,,,0,30,,7046,40,,,0,70,,7047,40,,,0
700,'100000',823,,6165,37,,,0,100,,6166,37,,,0,100,,6167,37,,,0,100,,6168,37,,,0,100,,6169,37,,,0,115,,6170,37,,,0,100,,6171,37,,,0,100,,6172,37,,,0,115,,6173,37,,,0,100,,6174,37,,,0,100,,6175,37,,,0
700,'100009',823,,6120,37,,,0,100,,6121,37,,,0,100,,6122,37,,,0,100,,6123,37,,,0,100,,6124,37,,,0,115,,6125,37,,,0,100,,6126,37,,,0,100,,6127,37,,,0,115,,6128,37,,,0,100,,6129,37,,,0,100,,6130,37,,,0
700,'100010',546,,6131,37,,,0,70,,6141,37,,,0,30,,6132,37,,,0,58,,6159,37,,,0,12,,6142,37,,,0,30,,6133,37,,,0,70,,6143,37,,,0,40,,6152,37,,,0,70,,6134,37,,,0,30,,6153,37,,,0,70,,6135,37,,,0,30,,6160,37,,,0,70,,6136,37,,,0,30,,6161,37,,,0,70,,6137,37,,,0,83,,6162,37,,,0,35,,6138,37,,,0,75,,6144,37,,,0,35,,6139,37,,,0,75,,6145,37,,,0,75,,6140,37,,,0,35,,6146,37,,,0,80,,6147,37,,,0,40,,6154,37,,,0,70,,6148,37,,,0,30,,6155,37,,,0,70,,6149,37,,,0,30,,6156,37,,,0,85,,6150,37,,,0,70,,6157,37,,,0,30,,6151,37,,,0,70,,6158,37,,,0,30,,6163,37,,,0,70,,6164,37,,,0
700,'100012',546,,7083,37,,,0,70,,7093,37,,,0,30,,7084,37,,,0,58,,7111,37,,,0,12,,7094,37,,,0,30,,7085,37,,,0,70,,7095,37,,,0,40,,7104,37,,,0,70,,7086,37,,,0,30,,7105,37,,,0,70,,7087,37,,,0,30,,7112,37,,,0,70,,7088,37,,,0,30,,7113,37,,,0,70,,7089,37,,,0,83,,7114,37,,,0,35,,7090,37,,,0,75,,7096,37,,,0,35,,7091,37,,,0,75,,7097,37,,,0,75,,7092,37,,,0,35,,7098,37,,,0,80,,7099,37,,,0,40,,7106,37,,,0,70,,7100,37,,,0,30,,7107,37,,,0,70,,7101,37,,,0,30,,7108,37,,,0,85,,7102,37,,,0,70,,7109,37,,,0,30,,7103,37,,,0,70,,7110,37,,,0,30,,7115,37,,,0,70,,7116,37,,,0
1000900,'100000',758,,6634,30,,,0,80,,6635,30,,,0,80,,6636,30,,,0,40,,6637,30,,,0,80,,6638,30,,,0,81,,6639,30,,,0,40,,6640,30,,,0,85,,6641,30,,,0,80,,6642,30,,,0,81,,6643,30,,,0,40,,6644,30,,,0,80,,6645,30,,,0,80,,6646,30,,,0,40,,6647,30,,,0,85,,6648,30,,,0,80,,6649,30,,,0,40,,6650,30,,,0,80,,6651,30,,,0
1000900,'100009',758,,6581,30,,,0,80,,6582,30,,,0,80,,6583,30,,,0,40,,6584,30,,,0,80,,6585,30,,,0,81,,6586,30,,,0,40,,6587,30,,,0,85,,6588,30,,,0,80,,6589,30,,,0,81,,6590,30,,,0,40,,6591,30,,,0,80,,6592,30,,,0,80,,6593,30,,,0,40,,6594,30,,,0,85,,6595,30,,,0,80,,6596,30,,,0,40,,6597,30,,,0,80,,6598,30,,,0
1000900,'100010',545,,6609,30,,,0,100,,6611,30,,,0,70,,6612,30,,,0,100,,6614,30,,,0,22,,6615,30,,,0,103,,6617,30,,,0,60,,6618,30,,,0,100,,6620,30,,,0,30,,6621,30,,,0,100,,6623,30,,,0,70,,6624,30,,,0,100,,6626,30,,,0,34,,6627,30,,,0,104,,6629,30,,,0,64,,6630,30,,,0,102,,6632,30,,,0,18,,6633,30,,,0,115,,6603,30,,,0,70,,6606,30,,,0,97,,6601,30,,,0,43,,6607,30,,,0,85,,6605,30,,,0,75,,6604,30,,,0,35,,6608,30,,,0,75,,6600,30,,,0
1000900,'100011',615,,7261,30,,,0,130,,7262,30,,,0,160,,7263,30,,,0,125,,7264,30,,,0,170,,7265,30,,,0,130,,7266,30,,,0,186,,7267,30,,,0,118,,7268,30,,,0,173,,7260,30,,,0,130,,7259,30,,,0
1000900,'100012',545,,7279,30,,,0,70,,7280,30,,,0,30,,7281,30,,,0,70,,7282,30,,,0,30,,7283,30,,,0,70,,7284,30,,,0,22,,7285,30,,,0,68,,7286,30,,,0,35,,7287,30,,,0,60,,7288,30,,,0,30,,7289,30,,,0,70,,7290,30,,,0,30,,7291,30,,,0,70,,7292,30,,,0,30,,7293,30,,,0,70,,7294,30,,,0,30,,7295,30,,,0,70,,7296,30,,,0,34,,7297,30,,,0,70,,7298,30,,,0,34,,7299,30,,,0,64,,7300,30,,,0,32,,7301,30,,,0,70,,7302,30,,,0,18,,7303,30,,,0,85,,7272,30,,,0,30,,7273,30,,,0,70,,7276,30,,,0,30,,7269,30,,,0,67,,7271,30,,,0,43,,7277,30,,,0,85,,7275,30,,,0,75,,7274,30,,,0,35,,7278,30,,,0,75,,7270,30,,,0
1000900,'100036',615,,6610,30,,,0,130,,6613,30,,,0,160,,6616,30,,,0,125,,6619,30,,,0,170,,6622,30,,,0,130,,6625,30,,,0,174,,6628,30,,,0,130,,6631,30,,,0,173,,6602,30,,,0,130,,6599,30,,,0
2000900,'100000',820,,6739,28,,,0,80,,6740,28,,,0,40,,6741,28,,,0,80,,6742,28,,,0,80,,6743,28,,,0,40,,6744,28,,,0,80,,6745,28,,,0,80,,6746,28,,,0,45,,6747,28,,,0,80,,6748,28,,,0,81,,6749,28,,,0,40,,6750,28,,,0,85,,6751,28,,,0,80,,6752,28,,,0,40,,6753,28,,,0,80,,6754,28,,,0,80,,6755,28,,,0
2000900,'100009',820,,6687,28,,,0,80,,6688,28,,,0,40,,6689,28,,,0,80,,6690,28,,,0,80,,6691,28,,,0,40,,6692,28,,,0,80,,6693,28,,,0,80,,6694,28,,,0,45,,6695,28,,,0,80,,6696,28,,,0,81,,6697,28,,,0,40,,6698,28,,,0,85,,6699,28,,,0,80,,6700,28,,,0,40,,6701,28,,,0,80,,6702,28,,,0,80,,6703,28,,,0
2000900,'100010',610,,6704,28,,,0,20,,6705,28,,,0,100,,6707,28,,,0,70,,6708,28,,,0,100,,6710,28,,,0,22,,6735,28,,,0,98,,6712,28,,,0,20,,6713,28,,,0,100,,6715,28,,,0,70,,6716,28,,,0,100,,6718,28,,,0,30,,6719,28,,,0,103,,6721,28,,,0,71,,6722,28,,,0,104,,6724,28,,,0,24,,6725,28,,,0,110,,6727,28,,,0,70,,6728,28,,,0,100,,6730,28,,,0,30,,6731,28,,,0,96,,6733,28,,,0,74,,6734,28,,,0,85,,6736,28,,,0,35,,6737,28,,,0,76,,6738,28,,,0
2000900,'100011',700,,7304,28,,,0,120,,7305,28,,,0,130,,7306,28,,,0,160,,7307,28,,,0,130,,7308,28,,,0,170,,7309,28,,,0,145,,7310,28,,,0,159,,7311,28,,,0,138,,7312,28,,,0,165,,7313,28,,,0
2000900,'100012',610,,7314,28,,,0,20,,7315,28,,,0,70,,7316,28,,,0,30,,7317,28,,,0,70,,7318,28,,,0,20,,7319,28,,,0,80,,7320,28,,,0,22,,7345,28,,,0,28,,7321,28,,,0,70,,7322,28,,,0,20,,7323,28,,,0,70,,7324,28,,,0,30,,7325,28,,,0,70,,7326,28,,,0,30,,7327,28,,,0,70,,7328,28,,,0,30,,7329,28,,,0,70,,7330,28,,,0,33,,7331,28,,,0,71,,7332,28,,,0,41,,7333,28,,,0,63,,7334,28,,,0,24,,7335,28,,,0,72,,7336,28,,,0,38,,7337,28,,,0,70,,7338,28,,,0,30,,7339,28,,,0,70,,7340,28,,,0,30,,7341,28,,,0,65,,7342,28,,,0,31,,7343,28,,,0,74,,7344,28,,,0,85,,7346,28,,,0,35,,7347,28,,,0,76,,7348,28,,,0
2000900,'100036',700,,6706,28,,,0,120,,6709,28,,,0,130,,6711,28,,,0,160,,6714,28,,,0,130,,6717,28,,,0,170,,6720,28,,,0,134,,6723,28,,,0,170,,6726,28,,,0,138,,6729,28,,,0,165,,6732,28,,,0
