500,'100000',805,,5981,10,,,0,100,,5982,10,,,0,100,,5983,10,,,0,100,,5984,10,,,0,100,,5985,10,,,0,115,,5986,10,,,0,100,,5987,10,,,0,100,,5988,10,,,0,115,,5989,10,,,0,100,,5990,10,,,0,100,,5991,10,,,0
500,'100009',805,,5938,10,,,0,100,,5944,10,,,0,100,,5939,10,,,0,100,,5945,10,,,0,100,,5940,10,,,0,115,,5946,10,,,0,100,,5941,10,,,0,100,,5947,10,,,0,115,,5942,10,,,0,100,,5948,10,,,0,100,,5943,10,,,0
500,'100010',557,,5949,10,,,0,70,,5965,10,,,0,30,,5950,10,,,0,70,,5966,10,,,0,30,,5951,10,,,0,80,,5952,10,,,0,70,,5974,10,,,0,30,,5953,10,,,0,70,,5977,10,,,0,30,,5954,10,,,0,70,,5976,10,,,0,30,,5955,10,,,0,70,,5978,10,,,0,40,,5956,10,,,0,75,,5975,10,,,0,35,,5957,10,,,0,75,,5967,10,,,0,75,,5958,10,,,0,35,,5968,10,,,0,75,,5959,10,,,0,40,,5960,10,,,0,83,,5969,10,,,0,70,,5961,10,,,0,30,,5970,10,,,0,70,,5962,10,,,0,30,,5971,10,,,0,85,,5963,10,,,0,30,,5972,10,,,0,70,,5964,10,,,0,30,,5973,10,,,0,70,,5979,10,,,0,30,,5980,10,,,0
500,'100011',557,,7016,10,,,0,70,,7032,10,,,0,30,,7017,10,,,0,70,,7033,10,,,0,30,,7018,10,,,0,80,,7019,10,,,0,70,,7041,10,,,0,30,,7020,10,,,0,70,,7044,10,,,0,30,,7021,10,,,0,70,,7043,10,,,0,30,,7022,10,,,0,70,,7045,10,,,0,40,,7023,10,,,0,75,,7042,10,,,0,35,,7024,10,,,0,75,,7034,10,,,0,75,,7025,10,,,0,35,,7035,10,,,0,75,,7026,10,,,0,40,,7027,10,,,0,83,,7036,10,,,0,70,,7028,10,,,0,30,,7037,10,,,0,70,,7029,10,,,0,30,,7038,10,,,0,85,,7030,10,,,0,30,,7039,10,,,0,70,,7031,10,,,0,30,,7040,10,,,0,70,,7046,10,,,0,30,,7047,10,,,0
700,'100000',804,,6165,6,,,0,100,,6166,6,,,0,100,,6167,6,,,0,100,,6168,6,,,0,100,,6169,6,,,0,115,,6170,6,,,0,100,,6171,6,,,0,100,,6172,6,,,0,115,,6173,6,,,0,100,,6174,6,,,0,100,,6175,6,,,0
700,'100009',804,,6120,6,,,0,100,,6121,6,,,0,100,,6122,6,,,0,100,,6123,6,,,0,100,,6124,6,,,0,115,,6125,6,,,0,100,,6126,6,,,0,100,,6127,6,,,0,115,,6128,6,,,0,100,,6129,6,,,0,100,,6130,6,,,0
700,'100010',526,,6131,6,,,0,30,,6141,6,,,0,70,,6132,6,,,0,18,,6159,6,,,0,12,,6142,6,,,0,70,,6133,6,,,0,30,,6143,6,,,0,80,,6152,6,,,0,70,,6134,6,,,0,30,,6153,6,,,0,70,,6135,6,,,0,30,,6160,6,,,0,70,,6136,6,,,0,30,,6161,6,,,0,70,,6137,6,,,0,39,,6162,6,,,0,75,,6138,6,,,0,35,,6144,6,,,0,75,,6139,6,,,0,75,,6145,6,,,0,35,,6140,6,,,0,75,,6146,6,,,0,40,,6147,6,,,0,84,,6154,6,,,0,70,,6148,6,,,0,30,,6155,6,,,0,70,,6149,6,,,0,30,,6156,6,,,0,85,,6150,6,,,0,30,,6157,6,,,0,70,,6151,6,,,0,30,,6158,6,,,0,70,,6163,6,,,0,30,,6164,6,,,0
700,'100011',526,,7083,6,,,0,30,,7093,6,,,0,70,,7084,6,,,0,18,,7111,6,,,0,12,,7094,6,,,0,70,,7085,6,,,0,30,,7095,6,,,0,80,,7104,6,,,0,70,,7086,6,,,0,30,,7105,6,,,0,70,,7087,6,,,0,30,,7112,6,,,0,70,,7088,6,,,0,30,,7113,6,,,0,70,,7089,6,,,0,39,,7114,6,,,0,75,,7090,6,,,0,35,,7096,6,,,0,75,,7091,6,,,0,75,,7097,6,,,0,35,,7092,6,,,0,75,,7098,6,,,0,40,,7099,6,,,0,84,,7106,6,,,0,70,,7100,6,,,0,30,,7107,6,,,0,70,,7101,6,,,0,30,,7108,6,,,0,85,,7102,6,,,0,30,,7109,6,,,0,70,,7103,6,,,0,30,,7110,6,,,0,70,,7115,6,,,0,30,,7116,6,,,0
1000900,'100000',736,,6634,7,,,0,80,,6635,7,,,0,40,,6636,7,,,0,80,,6637,7,,,0,80,,6638,7,,,0,40,,6639,7,,,0,80,,6640,7,,,0,85,,6641,7,,,0,80,,6642,7,,,0,41,,6643,7,,,0,80,,6644,7,,,0,80,,6645,7,,,0,40,,6646,7,,,0,80,,6647,7,,,0,85,,6648,7,,,0,40,,6649,7,,,0,80,,6650,7,,,0,80,,6651,7,,,0
1000900,'100009',736,,6581,7,,,0,80,,6582,7,,,0,40,,6583,7,,,0,80,,6584,7,,,0,80,,6585,7,,,0,40,,6586,7,,,0,80,,6587,7,,,0,85,,6588,7,,,0,80,,6589,7,,,0,41,,6590,7,,,0,80,,6591,7,,,0,80,,6592,7,,,0,40,,6593,7,,,0,80,,6594,7,,,0,85,,6595,7,,,0,40,,6596,7,,,0,80,,6597,7,,,0,80,,6598,7,,,0
1000900,'100010',523,,6609,7,,,0,30,,7261,7,,,0,70,,6611,7,,,0,30,,6612,7,,,0,70,,7262,7,,,0,30,,6614,7,,,0,62,,6615,7,,,0,28,,7263,7,,,0,75,,6617,7,,,0,20,,6618,7,,,0,70,,7264,7,,,0,30,,6620,7,,,0,70,,6621,7,,,0,30,,7265,7,,,0,70,,6623,7,,,0,30,,6624,7,,,0,70,,7266,7,,,0,30,,6626,7,,,0,71,,6627,7,,,0,34,,7267,7,,,0,66,,6629,7,,,0,28,,6630,7,,,0,72,,7268,7,,,0,30,,6632,7,,,0,18,,6633,7,,,0,85,,7260,7,,,0,70,,6603,7,,,0,30,,6606,7,,,0,70,,7259,7,,,0,29,,6601,7,,,0,84,,6607,7,,,0,85,,6605,7,,,0,35,,6604,7,,,0,75,,6608,7,,,0,35,,6600,7,,,0
1000900,'100011',523,,7279,7,,,0,30,,7280,7,,,0,70,,7281,7,,,0,30,,7282,7,,,0,70,,7283,7,,,0,30,,7284,7,,,0,62,,7285,7,,,0,28,,7286,7,,,0,75,,7287,7,,,0,20,,7288,7,,,0,70,,7289,7,,,0,30,,7290,7,,,0,70,,7291,7,,,0,30,,7292,7,,,0,70,,7293,7,,,0,30,,7294,7,,,0,70,,7295,7,,,0,30,,7296,7,,,0,71,,7297,7,,,0,30,,7298,7,,,0,70,,7299,7,,,0,28,,7300,7,,,0,72,,7301,7,,,0,30,,7302,7,,,0,18,,7303,7,,,0,85,,7272,7,,,0,70,,7273,7,,,0,30,,7276,7,,,0,70,,7269,7,,,0,29,,7271,7,,,0,84,,7277,7,,,0,85,,7275,7,,,0,35,,7274,7,,,0,75,,7278,7,,,0,35,,7270,7,,,0
2000900,'100000',756,,6739,7,,,0,80,,6740,7,,,0,80,,6741,7,,,0,40,,6742,7,,,0,80,,6743,7,,,0,80,,6744,7,,,0,40,,6745,7,,,0,80,,6746,7,,,0,85,,6747,7,,,0,80,,6748,7,,,0,41,,6749,7,,,0,80,,6750,7,,,0,85,,6751,7,,,0,40,,6752,7,,,0,80,,6753,7,,,0,80,,6754,7,,,0,40,,6755,7,,,0
2000900,'100009',756,,6687,7,,,0,80,,6688,7,,,0,80,,6689,7,,,0,40,,6690,7,,,0,80,,6691,7,,,0,80,,6692,7,,,0,40,,6693,7,,,0,80,,6694,7,,,0,85,,6695,7,,,0,80,,6696,7,,,0,41,,6697,7,,,0,80,,6698,7,,,0,85,,6699,7,,,0,40,,6700,7,,,0,80,,6701,7,,,0,80,,6702,7,,,0,40,,6703,7,,,0
2000900,'100010',547,,6704,7,,,0,60,,6705,7,,,0,30,,7304,7,,,0,70,,6707,7,,,0,30,,6708,7,,,0,20,,7305,7,,,0,80,,6710,7,,,0,22,,6735,7,,,0,68,,7306,7,,,0,30,,6712,7,,,0,60,,6713,7,,,0,30,,7307,7,,,0,70,,6715,7,,,0,30,,6716,7,,,0,70,,7308,7,,,0,30,,6718,7,,,0,70,,6719,7,,,0,30,,7309,7,,,0,71,,6721,7,,,0,31,,6722,7,,,0,81,,7310,7,,,0,23,,6724,7,,,0,64,,6725,7,,,0,32,,7311,7,,,0,78,,6727,7,,,0,30,,6728,7,,,0,70,,7312,7,,,0,30,,6730,7,,,0,70,,6731,7,,,0,25,,7313,7,,,0,73,,6733,7,,,0,34,,6734,7,,,0,85,,6736,7,,,0,75,,6737,7,,,0,36,,6738,7,,,0
2000900,'100011',547,,7314,7,,,0,60,,7315,7,,,0,30,,7316,7,,,0,70,,7317,7,,,0,30,,7318,7,,,0,20,,7319,7,,,0,80,,7320,7,,,0,22,,7345,7,,,0,68,,7321,7,,,0,30,,7322,7,,,0,60,,7323,7,,,0,30,,7324,7,,,0,70,,7325,7,,,0,30,,7326,7,,,0,70,,7327,7,,,0,30,,7328,7,,,0,70,,7329,7,,,0,30,,7330,7,,,0,71,,7331,7,,,0,31,,7332,7,,,0,81,,7333,7,,,0,23,,7334,7,,,0,64,,7335,7,,,0,32,,7336,7,,,0,78,,7337,7,,,0,30,,7338,7,,,0,70,,7339,7,,,0,30,,7340,7,,,0,70,,7341,7,,,0,25,,7342,7,,,0,73,,7343,7,,,0,34,,7344,7,,,0,85,,7346,7,,,0,75,,7347,7,,,0,36,,7348,7,,,0
