500,'100000',807,,5981,13,,,0,100,,5982,13,,,0,100,,5983,13,,,0,100,,5984,13,,,0,100,,5985,13,,,0,115,,5986,13,,,0,100,,5987,13,,,0,100,,5988,13,,,0,115,,5989,13,,,0,100,,5990,13,,,0,100,,5991,13,,,0
500,'100009',807,,5938,13,,,0,100,,5944,13,,,0,100,,5939,13,,,0,100,,5945,13,,,0,100,,5940,13,,,0,115,,5946,13,,,0,100,,5941,13,,,0,100,,5947,13,,,0,115,,5942,13,,,0,100,,5948,13,,,0,100,,5943,13,,,0
500,'100010',559,,5949,13,,,0,70,,5965,13,,,0,30,,5950,13,,,0,70,,5966,13,,,0,30,,5951,13,,,0,80,,5952,13,,,0,70,,5974,13,,,0,30,,5953,13,,,0,70,,5977,13,,,0,30,,5954,13,,,0,70,,5976,13,,,0,30,,5955,13,,,0,70,,5978,13,,,0,40,,5956,13,,,0,75,,5975,13,,,0,35,,5957,13,,,0,75,,5967,13,,,0,75,,5958,13,,,0,35,,5968,13,,,0,75,,5959,13,,,0,40,,5960,13,,,0,83,,5969,13,,,0,70,,5961,13,,,0,30,,5970,13,,,0,70,,5962,13,,,0,30,,5971,13,,,0,85,,5963,13,,,0,30,,5972,13,,,0,70,,5964,13,,,0,30,,5973,13,,,0,70,,5979,13,,,0,30,,5980,13,,,0
500,'100011',559,,7016,13,,,0,70,,7032,13,,,0,30,,7017,13,,,0,70,,7033,13,,,0,30,,7018,13,,,0,80,,7019,13,,,0,70,,7041,13,,,0,30,,7020,13,,,0,70,,7044,13,,,0,30,,7021,13,,,0,70,,7043,13,,,0,30,,7022,13,,,0,70,,7045,13,,,0,40,,7023,13,,,0,75,,7042,13,,,0,35,,7024,13,,,0,75,,7034,13,,,0,75,,7025,13,,,0,35,,7035,13,,,0,75,,7026,13,,,0,40,,7027,13,,,0,83,,7036,13,,,0,70,,7028,13,,,0,30,,7037,13,,,0,70,,7029,13,,,0,30,,7038,13,,,0,85,,7030,13,,,0,30,,7039,13,,,0,70,,7031,13,,,0,30,,7040,13,,,0,70,,7046,13,,,0,30,,7047,13,,,0
700,'100000',806,,6165,9,,,0,100,,6166,9,,,0,100,,6167,9,,,0,100,,6168,9,,,0,100,,6169,9,,,0,115,,6170,9,,,0,100,,6171,9,,,0,100,,6172,9,,,0,115,,6173,9,,,0,100,,6174,9,,,0,100,,6175,9,,,0
700,'100009',806,,6120,9,,,0,100,,6121,9,,,0,100,,6122,9,,,0,100,,6123,9,,,0,100,,6124,9,,,0,115,,6125,9,,,0,100,,6126,9,,,0,100,,6127,9,,,0,115,,6128,9,,,0,100,,6129,9,,,0,100,,6130,9,,,0
700,'100010',528,,6131,9,,,0,30,,6141,9,,,0,70,,6132,9,,,0,18,,6159,9,,,0,12,,6142,9,,,0,70,,6133,9,,,0,30,,6143,9,,,0,80,,6152,9,,,0,70,,6134,9,,,0,30,,6153,9,,,0,70,,6135,9,,,0,30,,6160,9,,,0,70,,6136,9,,,0,30,,6161,9,,,0,70,,6137,9,,,0,39,,6162,9,,,0,75,,6138,9,,,0,35,,6144,9,,,0,75,,6139,9,,,0,75,,6145,9,,,0,35,,6140,9,,,0,75,,6146,9,,,0,40,,6147,9,,,0,84,,6154,9,,,0,70,,6148,9,,,0,30,,6155,9,,,0,70,,6149,9,,,0,30,,6156,9,,,0,85,,6150,9,,,0,30,,6157,9,,,0,70,,6151,9,,,0,30,,6158,9,,,0,70,,6163,9,,,0,30,,6164,9,,,0
700,'100011',528,,7083,9,,,0,30,,7093,9,,,0,70,,7084,9,,,0,18,,7111,9,,,0,12,,7094,9,,,0,70,,7085,9,,,0,30,,7095,9,,,0,80,,7104,9,,,0,70,,7086,9,,,0,30,,7105,9,,,0,70,,7087,9,,,0,30,,7112,9,,,0,70,,7088,9,,,0,30,,7113,9,,,0,70,,7089,9,,,0,39,,7114,9,,,0,75,,7090,9,,,0,35,,7096,9,,,0,75,,7091,9,,,0,75,,7097,9,,,0,35,,7092,9,,,0,75,,7098,9,,,0,40,,7099,9,,,0,84,,7106,9,,,0,70,,7100,9,,,0,30,,7107,9,,,0,70,,7101,9,,,0,30,,7108,9,,,0,85,,7102,9,,,0,30,,7109,9,,,0,70,,7103,9,,,0,30,,7110,9,,,0,70,,7115,9,,,0,30,,7116,9,,,0
1000900,'100000',738,,6634,10,,,0,80,,6635,10,,,0,40,,6636,10,,,0,80,,6637,10,,,0,80,,6638,10,,,0,40,,6639,10,,,0,80,,6640,10,,,0,85,,6641,10,,,0,80,,6642,10,,,0,41,,6643,10,,,0,80,,6644,10,,,0,80,,6645,10,,,0,40,,6646,10,,,0,80,,6647,10,,,0,85,,6648,10,,,0,40,,6649,10,,,0,80,,6650,10,,,0,80,,6651,10,,,0
1000900,'100009',738,,6581,10,,,0,80,,6582,10,,,0,40,,6583,10,,,0,80,,6584,10,,,0,80,,6585,10,,,0,40,,6586,10,,,0,80,,6587,10,,,0,85,,6588,10,,,0,80,,6589,10,,,0,41,,6590,10,,,0,80,,6591,10,,,0,80,,6592,10,,,0,40,,6593,10,,,0,80,,6594,10,,,0,85,,6595,10,,,0,40,,6596,10,,,0,80,,6597,10,,,0,80,,6598,10,,,0
1000900,'100010',524,,6609,10,,,0,30,,7261,10,,,0,70,,6611,10,,,0,30,,6612,10,,,0,70,,7262,10,,,0,30,,6614,10,,,0,62,,6615,10,,,0,28,,7263,10,,,0,75,,6617,10,,,0,20,,6618,10,,,0,70,,7264,10,,,0,30,,6620,10,,,0,70,,6621,10,,,0,30,,7265,10,,,0,70,,6623,10,,,0,30,,6624,10,,,0,70,,7266,10,,,0,30,,6626,10,,,0,72,,6627,10,,,0,34,,7267,10,,,0,66,,6629,10,,,0,28,,6630,10,,,0,72,,7268,10,,,0,30,,6632,10,,,0,18,,6633,10,,,0,85,,7260,10,,,0,70,,6603,10,,,0,30,,6606,10,,,0,70,,7259,10,,,0,29,,6601,10,,,0,83,,6607,10,,,0,85,,6605,10,,,0,35,,6604,10,,,0,75,,6608,10,,,0,35,,6600,10,,,0
1000900,'100011',524,,7279,10,,,0,30,,7280,10,,,0,70,,7281,10,,,0,30,,7282,10,,,0,70,,7283,10,,,0,30,,7284,10,,,0,62,,7285,10,,,0,28,,7286,10,,,0,75,,7287,10,,,0,20,,7288,10,,,0,70,,7289,10,,,0,30,,7290,10,,,0,70,,7291,10,,,0,30,,7292,10,,,0,70,,7293,10,,,0,30,,7294,10,,,0,70,,7295,10,,,0,30,,7296,10,,,0,72,,7297,10,,,0,30,,7298,10,,,0,70,,7299,10,,,0,28,,7300,10,,,0,72,,7301,10,,,0,30,,7302,10,,,0,18,,7303,10,,,0,85,,7272,10,,,0,70,,7273,10,,,0,30,,7276,10,,,0,70,,7269,10,,,0,29,,7271,10,,,0,83,,7277,10,,,0,85,,7275,10,,,0,35,,7274,10,,,0,75,,7278,10,,,0,35,,7270,10,,,0
2000900,'100000',758,,6739,10,,,0,80,,6740,10,,,0,80,,6741,10,,,0,40,,6742,10,,,0,80,,6743,10,,,0,80,,6744,10,,,0,40,,6745,10,,,0,80,,6746,10,,,0,85,,6747,10,,,0,80,,6748,10,,,0,41,,6749,10,,,0,80,,6750,10,,,0,85,,6751,10,,,0,40,,6752,10,,,0,80,,6753,10,,,0,80,,6754,10,,,0,40,,6755,10,,,0
2000900,'100009',758,,6687,10,,,0,80,,6688,10,,,0,80,,6689,10,,,0,40,,6690,10,,,0,80,,6691,10,,,0,80,,6692,10,,,0,40,,6693,10,,,0,80,,6694,10,,,0,85,,6695,10,,,0,80,,6696,10,,,0,41,,6697,10,,,0,80,,6698,10,,,0,85,,6699,10,,,0,40,,6700,10,,,0,80,,6701,10,,,0,80,,6702,10,,,0,40,,6703,10,,,0
2000900,'100010',548,,6704,10,,,0,60,,6705,10,,,0,30,,7304,10,,,0,70,,6707,10,,,0,30,,6708,10,,,0,20,,7305,10,,,0,80,,6710,10,,,0,62,,6735,10,,,0,28,,7306,10,,,0,30,,6712,10,,,0,60,,6713,10,,,0,30,,7307,10,,,0,70,,6715,10,,,0,30,,6716,10,,,0,70,,7308,10,,,0,30,,6718,10,,,0,70,,6719,10,,,0,30,,7309,10,,,0,72,,6721,10,,,0,31,,6722,10,,,0,81,,7310,10,,,0,23,,6724,10,,,0,64,,6725,10,,,0,32,,7311,10,,,0,78,,6727,10,,,0,30,,6728,10,,,0,70,,7312,10,,,0,30,,6730,10,,,0,70,,6731,10,,,0,25,,7313,10,,,0,72,,6733,10,,,0,74,,6734,10,,,0,45,,6736,10,,,0,75,,6737,10,,,0,36,,6738,10,,,0
2000900,'100011',548,,7314,10,,,0,60,,7315,10,,,0,30,,7316,10,,,0,70,,7317,10,,,0,30,,7318,10,,,0,20,,7319,10,,,0,80,,7320,10,,,0,62,,7345,10,,,0,28,,7321,10,,,0,30,,7322,10,,,0,60,,7323,10,,,0,30,,7324,10,,,0,70,,7325,10,,,0,30,,7326,10,,,0,70,,7327,10,,,0,30,,7328,10,,,0,70,,7329,10,,,0,30,,7330,10,,,0,72,,7331,10,,,0,31,,7332,10,,,0,81,,7333,10,,,0,23,,7334,10,,,0,64,,7335,10,,,0,32,,7336,10,,,0,78,,7337,10,,,0,30,,7338,10,,,0,70,,7339,10,,,0,30,,7340,10,,,0,70,,7341,10,,,0,25,,7342,10,,,0,72,,7343,10,,,0,74,,7344,10,,,0,45,,7346,10,,,0,75,,7347,10,,,0,36,,7348,10,,,0
