200,'100000',720,,5476,16,,,0,30,,5454,16,,,0,70,,5455,16,,,0,30,,5456,16,,,0,70,,5457,16,,,0,30,,5458,16,,,0,70,,5459,16,,,0,30,,5460,16,,,0,70,,5461,16,,,0,30,,5462,16,,,0,70,,5463,16,,,0,85,,5464,16,,,0,30,,5465,16,,,0,70,,5466,16,,,0,30,,5467,16,,,0,70,,5468,16,,,0,30,,5469,16,,,0,70,,5479,16,,,0,45,,5471,16,,,0,70,,5472,16,,,0,30,,5473,16,,,0,70,,5474,16,,,0,30,,5475,16,,,0,70,,5470,16,,,0
200,'100009',720,,5415,16,,,0,30,,5414,16,,,0,70,,5395,16,,,0,30,,5394,16,,,0,70,,5396,16,,,0,30,,5397,16,,,0,70,,5398,16,,,0,30,,5399,16,,,0,70,,5400,16,,,0,30,,5401,16,,,0,70,,5418,16,,,0,85,,5402,16,,,0,30,,5403,16,,,0,70,,5404,16,,,0,30,,5405,16,,,0,70,,5406,16,,,0,30,,5407,16,,,0,70,,5416,16,,,0,45,,5408,16,,,0,70,,5409,16,,,0,30,,5410,16,,,0,70,,5411,16,,,0,30,,5412,16,,,0,70,,5413,16,,,0
200,'100010',542,,5420,16,,,0,70,,5429,16,,,0,30,,5421,16,,,0,70,,5430,16,,,0,30,,5422,16,,,0,110,,5423,16,,,0,100,,5424,16,,,0,100,,5425,16,,,0,100,,5426,16,,,0,153,,5427,16,,,0,110,,5428,16,,,0,110,,5445,16,,,0,75,,5438,16,,,0,35,,5446,16,,,0,80,,5439,16,,,0,40,,5440,16,,,0,70,,5447,16,,,0,30,,5441,16,,,0,70,,5448,16,,,0,30,,5442,16,,,0,85,,5449,16,,,0,70,,5443,16,,,0,30,,5450,16,,,0,70,,5444,16,,,0,30,,5451,16,,,0,70,,5452,16,,,0
200,'100011',812,,6825,16,,,0,110,,6826,16,,,0,100,,6827,16,,,0,100,,6828,16,,,0,100,,6829,16,,,0,118,,6830,16,,,0,110,,6831,16,,,0
200,'100012',542,,6833,16,,,0,70,,6842,16,,,0,30,,6834,16,,,0,70,,6843,16,,,0,30,,6835,16,,,0,70,,6844,16,,,0,40,,6836,16,,,0,70,,6845,16,,,0,30,,6837,16,,,0,70,,6846,16,,,0,30,,6838,16,,,0,70,,6847,16,,,0,30,,6839,16,,,0,70,,6848,16,,,0,83,,6840,16,,,0,35,,6849,16,,,0,75,,6841,16,,,0,35,,6850,16,,,0,75,,6858,16,,,0,75,,6851,16,,,0,35,,6859,16,,,0,80,,6852,16,,,0,40,,6853,16,,,0,70,,6860,16,,,0,30,,6854,16,,,0,70,,6861,16,,,0,30,,6855,16,,,0,85,,6862,16,,,0,70,,6856,16,,,0,30,,6863,16,,,0,70,,6857,16,,,0,30,,6864,16,,,0,70,,6865,16,,,0
200,'100036',812,,5431,16,,,0,110,,5432,16,,,0,100,,5433,16,,,0,100,,5434,16,,,0,100,,5435,16,,,0,118,,5436,16,,,0,110,,5437,16,,,0
600,'100000',752,,6081,32,,,0,100,,6082,32,,,0,100,,6083,32,,,0,100,,6084,32,,,0,100,,6085,32,,,0,155,,6077,32,,,0,100,,6076,32,,,0,100,,6075,32,,,0,100,,6074,32,,,0,115,,6079,32,,,0,100,,6078,32,,,0,100,,6080,32,,,0
600,'100009',752,,6035,32,,,0,100,,6036,32,,,0,100,,6038,32,,,0,100,,6027,32,,,0,100,,6037,32,,,0,155,,6031,32,,,0,100,,6028,32,,,0,100,,6032,32,,,0,100,,6029,32,,,0,115,,6033,32,,,0,100,,6030,32,,,0,100,,6034,32,,,0
600,'100010',544,,6049,32,,,0,70,,6039,32,,,0,18,,6067,32,,,0,12,,6050,32,,,0,70,,6040,32,,,0,18,,6068,32,,,0,12,,6051,32,,,0,70,,6041,32,,,0,39,,6042,32,,,0,70,,6059,32,,,0,30,,6043,32,,,0,70,,6060,32,,,0,30,,6044,32,,,0,70,,6069,32,,,0,30,,6045,32,,,0,70,,6070,32,,,0,83,,6046,32,,,0,35,,6071,32,,,0,75,,6047,32,,,0,35,,6052,32,,,0,75,,6048,32,,,0,75,,6061,32,,,0,35,,6053,32,,,0,80,,6062,32,,,0,41,,6054,32,,,0,70,,6063,32,,,0,30,,6055,32,,,0,70,,6064,32,,,0,30,,6056,32,,,0,85,,6065,32,,,0,70,,6057,32,,,0,30,,6066,32,,,0,70,,6058,32,,,0,30,,6073,32,,,0,70,,6072,32,,,0
600,'100012',544,,7058,32,,,0,70,,7048,32,,,0,18,,7076,32,,,0,12,,7059,32,,,0,70,,7049,32,,,0,18,,7077,32,,,0,12,,7060,32,,,0,70,,7050,32,,,0,39,,7051,32,,,0,70,,7068,32,,,0,30,,7052,32,,,0,70,,7069,32,,,0,30,,7053,32,,,0,70,,7078,32,,,0,30,,7054,32,,,0,70,,7079,32,,,0,83,,7055,32,,,0,35,,7080,32,,,0,75,,7056,32,,,0,35,,7061,32,,,0,75,,7057,32,,,0,75,,7070,32,,,0,35,,7062,32,,,0,80,,7071,32,,,0,41,,7063,32,,,0,70,,7072,32,,,0,30,,7064,32,,,0,70,,7073,32,,,0,30,,7065,32,,,0,85,,7074,32,,,0,70,,7066,32,,,0,30,,7075,32,,,0,70,,7067,32,,,0,30,,7082,32,,,0,70,,7081,32,,,0
