700,'100000',814,,6165,23,,,0,100,,6166,23,,,0,100,,6167,23,,,0,100,,6168,23,,,0,100,,6169,23,,,0,115,,6170,23,,,0,100,,6171,23,,,0,100,,6172,23,,,0,115,,6173,23,,,0,100,,6174,23,,,0,100,,6175,23,,,0
700,'100009',814,,6120,23,,,0,100,,6121,23,,,0,100,,6122,23,,,0,100,,6123,23,,,0,100,,6124,23,,,0,115,,6125,23,,,0,100,,6126,23,,,0,100,,6127,23,,,0,115,,6128,23,,,0,100,,6129,23,,,0,100,,6130,23,,,0
700,'100010',536,,6131,23,,,0,70,,6141,23,,,0,30,,6132,23,,,0,18,,6159,23,,,0,52,,6142,23,,,0,30,,6133,23,,,0,70,,6143,23,,,0,40,,6152,23,,,0,70,,6134,23,,,0,30,,6153,23,,,0,70,,6135,23,,,0,30,,6160,23,,,0,70,,6136,23,,,0,30,,6161,23,,,0,70,,6137,23,,,0,42,,6162,23,,,0,75,,6138,23,,,0,75,,6144,23,,,0,35,,6139,23,,,0,75,,6145,23,,,0,35,,6140,23,,,0,75,,6146,23,,,0,80,,6147,23,,,0,41,,6154,23,,,0,70,,6148,23,,,0,30,,6155,23,,,0,70,,6149,23,,,0,30,,6156,23,,,0,86,,6150,23,,,0,70,,6157,23,,,0,30,,6151,23,,,0,70,,6158,23,,,0,30,,6163,23,,,0,70,,6164,23,,,0
700,'100011',536,,7083,23,,,0,70,,7093,23,,,0,30,,7084,23,,,0,18,,7111,23,,,0,52,,7094,23,,,0,30,,7085,23,,,0,70,,7095,23,,,0,40,,7104,23,,,0,70,,7086,23,,,0,30,,7105,23,,,0,70,,7087,23,,,0,30,,7112,23,,,0,70,,7088,23,,,0,30,,7113,23,,,0,70,,7089,23,,,0,42,,7114,23,,,0,75,,7090,23,,,0,75,,7096,23,,,0,35,,7091,23,,,0,75,,7097,23,,,0,35,,7092,23,,,0,75,,7098,23,,,0,80,,7099,23,,,0,41,,7106,23,,,0,70,,7100,23,,,0,30,,7107,23,,,0,70,,7101,23,,,0,30,,7108,23,,,0,86,,7102,23,,,0,70,,7109,23,,,0,30,,7103,23,,,0,70,,7110,23,,,0,30,,7115,23,,,0,70,,7116,23,,,0
5000,'100010',739,,6528,25,,,0
5001,'100010',1527,,6529,38,,,0
5100,'100010',744,,6530,25,,,0
5101,'100010',1505,,6531,36,,,0
5300,'100010',742,,7253,1,,,0
5301,'100010',1533,,6537,25,,,0
