201,'100000',755,,5575,14,,,0,70,,5576,14,,,0,30,,5577,14,,,0,70,,5578,14,,,0,30,,5579,14,,,0,70,,5580,14,,,0,30,,5581,14,,,0,70,,5582,14,,,0,30,,5583,14,,,0,70,,5584,14,,,0,85,,5585,14,,,0,30,,5586,14,,,0,70,,5587,14,,,0,30,,5588,14,,,0,70,,5589,14,,,0,30,,5590,14,,,0,70,,5599,14,,,0,45,,5592,14,,,0,70,,5593,14,,,0,30,,5594,14,,,0,70,,5595,14,,,0,30,,5596,14,,,0,70,,5591,14,,,0
201,'100009',755,,5520,14,,,0,70,,5524,14,,,0,30,,5521,14,,,0,70,,5533,14,,,0,30,,5523,14,,,0,70,,5522,14,,,0,30,,5525,14,,,0,70,,5526,14,,,0,30,,5515,14,,,0,70,,5538,14,,,0,85,,5528,14,,,0,30,,5529,14,,,0,70,,5530,14,,,0,30,,5531,14,,,0,70,,5532,14,,,0,30,,5535,14,,,0,70,,5536,14,,,0,45,,5534,14,,,0,70,,5516,14,,,0,30,,5519,14,,,0,70,,5518,14,,,0,30,,5517,14,,,0,70,,5527,14,,,0
201,'100010',547,,5573,14,,,0,70,,5540,14,,,0,30,,5548,14,,,0,70,,5541,14,,,0,30,,5549,14,,,0,70,,5542,14,,,0,40,,6867,14,,,0,70,,5543,14,,,0,30,,6868,14,,,0,70,,5544,14,,,0,30,,6869,14,,,0,70,,5545,14,,,0,30,,6870,14,,,0,70,,5546,14,,,0,79,,6873,14,,,0,35,,5547,14,,,0,75,,6871,14,,,0,35,,5561,14,,,0,75,,6872,14,,,0,75,,5562,14,,,0,35,,5556,14,,,0,79,,5572,14,,,0,44,,5563,14,,,0,70,,5557,14,,,0,30,,5564,14,,,0,70,,5558,14,,,0,30,,5565,14,,,0,85,,5559,14,,,0,70,,5566,14,,,0,30,,5560,14,,,0,70,,5567,14,,,0,30,,5568,14,,,0,72,,5569,14,,,0
201,'100011',547,,6907,14,,,0,70,,6874,14,,,0,30,,6882,14,,,0,70,,6875,14,,,0,30,,6883,14,,,0,70,,6876,14,,,0,40,,6884,14,,,0,70,,6877,14,,,0,30,,6885,14,,,0,70,,6878,14,,,0,30,,6886,14,,,0,70,,6879,14,,,0,30,,6887,14,,,0,70,,6880,14,,,0,79,,6905,14,,,0,35,,6881,14,,,0,75,,6888,14,,,0,35,,6895,14,,,0,75,,6889,14,,,0,75,,6896,14,,,0,35,,6890,14,,,0,79,,6906,14,,,0,44,,6897,14,,,0,70,,6891,14,,,0,30,,6898,14,,,0,70,,6892,14,,,0,30,,6899,14,,,0,85,,6893,14,,,0,70,,6900,14,,,0,30,,6894,14,,,0,70,,6901,14,,,0,30,,6902,14,,,0,72,,6903,14,,,0
2100,'100000',832,,6344,17,,,0,75,,6345,17,,,0,35,,6346,17,,,0,75,,6347,17,,,0,35,,6348,17,,,0,75,,6349,17,,,0,75,,6350,17,,,0,35,,6351,17,,,0,75,,6352,17,,,0,35,,6353,17,,,0,75,,6354,17,,,0,35,,6355,17,,,0,75,,6356,17,,,0,75,,6357,17,,,0,35,,6358,17,,,0,75,,6359,17,,,0,35,,6360,17,,,0,80,,6361,17,,,0,75,,6362,17,,,0,35,,6363,17,,,0
2100,'100009',832,,6302,17,,,0,75,,6295,17,,,0,35,,6303,17,,,0,75,,6296,17,,,0,35,,6312,17,,,0,75,,6311,17,,,0,75,,6304,17,,,0,35,,6297,17,,,0,75,,6305,17,,,0,35,,6298,17,,,0,75,,6306,17,,,0,35,,6299,17,,,0,75,,6313,17,,,0,75,,6310,17,,,0,35,,6307,17,,,0,75,,6300,17,,,0,35,,6308,17,,,0,80,,6301,17,,,0,75,,6309,17,,,0,35,,6294,17,,,0
2100,'100010',653,,6328,17,,,0,75,,6314,17,,,0,75,,6329,17,,,0,35,,6315,17,,,0,75,,6330,17,,,0,34,,6316,17,,,0,75,,6331,17,,,0,35,,6317,17,,,0,75,,6332,17,,,0,75,,6318,17,,,0,38,,6333,17,,,0,75,,6319,17,,,0,35,,6334,17,,,0,75,,6320,17,,,0,75,,6335,17,,,0,35,,6321,17,,,0,76,,6336,17,,,0,34,,6322,17,,,0,75,,6337,17,,,0,79,,6323,17,,,0,37,,6338,17,,,0,73,,6324,17,,,0,39,,6339,17,,,0,71,,6325,17,,,0,79,,6340,17,,,0,40,,6326,17,,,0,70,,6327,17,,,0,30,,6341,17,,,0,70,,6342,17,,,0,30,,6343,17,,,0
2100,'100011',653,,7174,17,,,0,75,,7160,17,,,0,75,,7175,17,,,0,35,,7161,17,,,0,75,,7176,17,,,0,34,,7162,17,,,0,75,,7177,17,,,0,35,,7163,17,,,0,75,,7178,17,,,0,75,,7164,17,,,0,38,,7179,17,,,0,75,,7165,17,,,0,35,,7180,17,,,0,75,,7166,17,,,0,75,,7181,17,,,0,35,,7167,17,,,0,76,,7182,17,,,0,34,,7168,17,,,0,75,,7183,17,,,0,79,,7169,17,,,0,37,,7184,17,,,0,73,,7170,17,,,0,39,,7185,17,,,0,71,,7171,17,,,0,79,,7186,17,,,0,40,,7172,17,,,0,70,,7173,17,,,0,30,,7187,17,,,0,70,,7188,17,,,0,30,,7189,17,,,0
3100,'100010',548,,6480,9,,,0,70,,6481,9,,,0,30,,6482,9,,,0,70,,6483,9,,,0,30,,6484,9,,,0,70,,6485,9,,,0,30,,6486,9,,,0,70,,6487,9,,,0,537,,6488,9,,,0,75,,6489,9,,,0,75,,6490,9,,,0,35,,6491,9,,,0,78,,6492,9,,,0,83,,6493,9,,,0,30,,6494,9,,,0,70,,6495,9,,,0
3100,'100011',548,,7220,9,,,0,70,,7221,9,,,0,30,,7222,9,,,0,70,,7223,9,,,0,30,,7224,9,,,0,70,,7225,9,,,0,30,,7226,9,,,0,70,,7227,9,,,0,537,,7228,9,,,0,75,,7229,9,,,0,75,,7230,9,,,0,35,,7231,9,,,0,78,,7232,9,,,0,83,,7233,9,,,0,30,,7234,9,,,0,70,,7235,9,,,0
