200,'100000',731,,5476,27,,,0,70,,5454,27,,,0,30,,5455,27,,,0,70,,5456,27,,,0,30,,5457,27,,,0,70,,5458,27,,,0,30,,5459,27,,,0,70,,5460,27,,,0,30,,5461,27,,,0,70,,5462,27,,,0,45,,5477,3,,,0,70,,5464,27,,,0,30,,5465,27,,,0,70,,5466,27,,,0,30,,5467,27,,,0,70,,5468,27,,,0,30,,5469,27,,,0,85,,5478,3,,,0,70,,5471,27,,,0,30,,5472,27,,,0,70,,5473,27,,,0,30,,5474,27,,,0,70,,5475,27,,,0,30,,5470,27,,,0
200,'100009',731,,5415,27,,,0,70,,5414,27,,,0,30,,5395,27,,,0,70,,5394,27,,,0,30,,5396,27,,,0,70,,5397,27,,,0,30,,5398,27,,,0,70,,5399,27,,,0,30,,5400,27,,,0,70,,5401,27,,,0,45,,5419,3,,,0,70,,5402,27,,,0,30,,5403,27,,,0,70,,5404,27,,,0,30,,5405,27,,,0,70,,5406,27,,,0,30,,5407,27,,,0,85,,5417,3,,,0,70,,5408,27,,,0,30,,5409,27,,,0,70,,5410,27,,,0,30,,5411,27,,,0,70,,5412,27,,,0,30,,5413,27,,,0
200,'100010',553,,5420,27,,,0,70,,5429,27,,,0,30,,5421,27,,,0,70,,5430,27,,,0,30,,5422,27,,,0,80,,6825,27,,,0,70,,5423,27,,,0,30,,6826,27,,,0,70,,5424,27,,,0,30,,6827,27,,,0,70,,5425,27,,,0,30,,6828,27,,,0,70,,5426,27,,,0,39,,6832,3,,,0,75,,5427,27,,,0,35,,6830,27,,,0,75,,5428,27,,,0,75,,6831,27,,,0,35,,5445,27,,,0,75,,5438,27,,,0,35,,5446,27,,,0,89,,5439,27,,,0,71,,5440,27,,,0,30,,5447,27,,,0,70,,5441,27,,,0,30,,5448,27,,,0,85,,5442,27,,,0,30,,5449,27,,,0,70,,5443,27,,,0,30,,5450,27,,,0,70,,5444,27,,,0,30,,5451,27,,,0,70,,5452,27,,,0
200,'100011',553,,6833,27,,,0,70,,6842,27,,,0,30,,6834,27,,,0,70,,6843,27,,,0,30,,6835,27,,,0,80,,6844,27,,,0,70,,6836,27,,,0,30,,6845,27,,,0,70,,6837,27,,,0,30,,6846,27,,,0,70,,6838,27,,,0,30,,6847,27,,,0,70,,6839,27,,,0,39,,6866,3,,,0,75,,6840,27,,,0,35,,6849,27,,,0,75,,6841,27,,,0,75,,6850,27,,,0,35,,6858,27,,,0,75,,6851,27,,,0,35,,6859,27,,,0,89,,6852,27,,,0,71,,6853,27,,,0,30,,6860,27,,,0,70,,6854,27,,,0,30,,6861,27,,,0,85,,6855,27,,,0,30,,6862,27,,,0,70,,6856,27,,,0,30,,6863,27,,,0,70,,6857,27,,,0,30,,6864,27,,,0,70,,6865,27,,,0
2101,'100000',732,,6444,3,,,0,75,,6445,3,,,0,35,,6446,3,,,0,75,,6447,3,,,0,35,,6448,3,,,0,75,,6449,3,,,0,75,,6450,3,,,0,35,,6451,3,,,0,75,,6452,3,,,0,35,,6453,3,,,0,75,,6454,3,,,0,35,,6455,3,,,0,75,,6456,3,,,0,75,,6457,3,,,0,35,,6458,3,,,0,75,,6459,3,,,0,35,,6460,3,,,0,80,,6461,3,,,0,75,,6462,3,,,0,35,,6463,3,,,0
2101,'100009',732,,6401,3,,,0,75,,6394,3,,,0,35,,6402,3,,,0,75,,6395,3,,,0,35,,6412,3,,,0,75,,6410,3,,,0,75,,6403,3,,,0,36,,6396,3,,,0,74,,6404,3,,,0,35,,6397,3,,,0,75,,6405,3,,,0,35,,6398,3,,,0,75,,6406,3,,,0,75,,6399,3,,,0,35,,6413,3,,,0,75,,6409,3,,,0,35,,6407,3,,,0,80,,6400,3,,,0,75,,6408,3,,,0,35,,6411,3,,,0
2101,'100010',554,,6427,3,,,0,73,,6414,3,,,0,77,,6428,3,,,0,35,,6415,3,,,0,74,,6429,3,,,0,36,,6416,3,,,0,75,,6430,3,,,0,35,,6417,3,,,0,75,,6431,3,,,0,75,,6418,3,,,0,35,,6432,3,,,0,75,,6419,3,,,0,35,,6433,3,,,0,75,,6420,3,,,0,75,,6434,3,,,0,35,,6421,3,,,0,75,,6435,3,,,0,35,,6422,3,,,0,75,,6436,3,,,0,80,,6423,3,,,0,35,,6437,3,,,0,75,,6424,3,,,0,37,,6438,3,,,0,73,,6425,3,,,0,79,,6439,3,,,0,48,,6426,3,,,0,70,,6440,3,,,0,30,,6443,3,,,0,70,,6442,3,,,0,30,,6441,3,,,0
2101,'100011',554,,7203,3,,,0,73,,7190,3,,,0,77,,7204,3,,,0,35,,7191,3,,,0,74,,7205,3,,,0,36,,7192,3,,,0,75,,7206,3,,,0,35,,7193,3,,,0,75,,7207,3,,,0,75,,7194,3,,,0,35,,7208,3,,,0,75,,7195,3,,,0,35,,7209,3,,,0,75,,7196,3,,,0,75,,7210,3,,,0,35,,7197,3,,,0,75,,7211,3,,,0,35,,7198,3,,,0,75,,7212,3,,,0,80,,7199,3,,,0,35,,7213,3,,,0,75,,7200,3,,,0,37,,7214,3,,,0,73,,7201,3,,,0,79,,7215,3,,,0,48,,7202,3,,,0,70,,7216,3,,,0,30,,7219,3,,,0,70,,7218,3,,,0,30,,7217,3,,,0
3101,'100010',523,,6512,3,0,41 42 2 5 6,0,30,,6513,3,0,41 42 2 5 6,0,70,,6514,3,0,41 42 2 5 6,0,30,,6515,3,0,41 42 2 5 6,0,70,,6516,3,0,41 42 2 5 6,0,30,,6517,3,0,41 42 2 5 6,0,70,,6518,3,0,41 42 2 5 6,0,30,,6519,3,0,41 42 2 5 6,0,573,,6520,3,0,41 42 2 5 6,0,75,,6521,3,0,41 42 2 5 6,0,35,,6522,3,0,41 42 2 5 6,0,75,,6523,3,0,41 42 2 5 6,0,40,,6524,3,0,41 42 2 5 6,0,85,,6525,3,0,41 42 2 5 6,0,70,,6526,3,0,41 42 2 5 6,0,30,,6527,3,0,41 42 2 5 6,0
3101,'100011',523,,7236,3,0,41 42 2 5 6,0,30,,7237,3,0,41 42 2 5 6,0,70,,7238,3,0,41 42 2 5 6,0,30,,7239,3,0,41 42 2 5 6,0,70,,7240,3,0,41 42 2 5 6,0,30,,7241,3,0,41 42 2 5 6,0,70,,7242,3,0,41 42 2 5 6,0,30,,7243,3,0,41 42 2 5 6,0,573,,7244,3,0,41 42 2 5 6,0,75,,7245,3,0,41 42 2 5 6,0,35,,7246,3,0,41 42 2 5 6,0,75,,7247,3,0,41 42 2 5 6,0,40,,7248,3,0,41 42 2 5 6,0,85,,7249,3,0,41 42 2 5 6,0,70,,7250,3,0,41 42 2 5 6,0,30,,7251,3,0,41 42 2 5 6,0
