1000900,'100000',753,,6634,24,,,0,80,,6635,24,,,0,80,,6636,24,,,0,40,,6637,24,,,0,80,,6638,24,,,0,80,,6639,24,,,0,40,,6640,24,,,0,85,,6641,24,,,0,80,,6642,24,,,0,41,,6643,24,,,0,80,,6644,24,,,0,80,,6645,24,,,0,40,,6646,24,,,0,80,,6647,24,,,0,85,,6648,24,,,0,80,,6649,24,,,0,40,,6650,24,,,0,80,,6651,24,,,0
1000900,'100009',753,,6581,24,,,0,80,,6582,24,,,0,80,,6583,24,,,0,40,,6584,24,,,0,80,,6585,24,,,0,80,,6586,24,,,0,40,,6587,24,,,0,85,,6588,24,,,0,80,,6589,24,,,0,41,,6590,24,,,0,80,,6591,24,,,0,80,,6592,24,,,0,40,,6593,24,,,0,80,,6594,24,,,0,85,,6595,24,,,0,80,,6596,24,,,0,40,,6597,24,,,0,80,,6598,24,,,0
1000900,'100010',540,,6609,24,,,0,100,,6611,24,,,0,70,,6612,24,,,0,100,,6614,24,,,0,22,,6615,24,,,0,103,,6617,24,,,0,20,,6618,24,,,0,100,,6620,24,,,0,70,,6621,24,,,0,100,,6623,24,,,0,30,,6624,24,,,0,100,,6626,24,,,0,73,,6627,24,,,0,104,,6629,24,,,0,24,,6630,24,,,0,102,,6632,24,,,0,58,,6633,24,,,0,115,,6603,24,,,0,70,,6606,24,,,0,57,,6601,24,,,0,84,,6607,24,,,0,85,,6605,24,,,0,75,,6604,24,,,0,35,,6608,24,,,0,75,,6600,24,,,0
1000900,'100011',610,,7261,24,,,0,130,,7262,24,,,0,160,,7263,24,,,0,125,,7264,24,,,0,130,,7265,24,,,0,170,,7266,24,,,0,185,,7267,24,,,0,118,,7268,24,,,0,173,,7260,24,,,0,130,,7259,24,,,0
1000900,'100012',540,,7279,24,,,0,70,,7280,24,,,0,30,,7281,24,,,0,70,,7282,24,,,0,30,,7283,24,,,0,70,,7284,24,,,0,22,,7285,24,,,0,68,,7286,24,,,0,35,,7287,24,,,0,20,,7288,24,,,0,70,,7289,24,,,0,30,,7290,24,,,0,70,,7291,24,,,0,30,,7292,24,,,0,70,,7293,24,,,0,30,,7294,24,,,0,70,,7295,24,,,0,30,,7296,24,,,0,73,,7297,24,,,0,30,,7298,24,,,0,74,,7299,24,,,0,24,,7300,24,,,0,72,,7301,24,,,0,30,,7302,24,,,0,58,,7303,24,,,0,85,,7272,24,,,0,30,,7273,24,,,0,70,,7276,24,,,0,30,,7269,24,,,0,27,,7271,24,,,0,84,,7277,24,,,0,85,,7275,24,,,0,75,,7274,24,,,0,35,,7278,24,,,0,75,,7270,24,,,0
1000900,'100036',610,,6610,24,,,0,130,,6613,24,,,0,160,,6616,24,,,0,125,,6619,24,,,0,130,,6622,24,,,0,170,,6625,24,,,0,133,,6628,24,,,0,170,,6631,24,,,0,173,,6602,24,,,0,130,,6599,24,,,0
2000900,'100000',815,,6739,22,,,0,40,,6740,22,,,0,80,,6741,22,,,0,80,,6742,22,,,0,40,,6743,22,,,0,80,,6744,22,,,0,79,,6745,22,,,0,40,,6746,22,,,0,85,,6747,22,,,0,80,,6748,22,,,0,81,,6749,22,,,0,40,,6750,22,,,0,85,,6751,22,,,0,80,,6752,22,,,0,40,,6753,22,,,0,80,,6754,22,,,0,80,,6755,22,,,0
2000900,'100009',815,,6687,22,,,0,40,,6688,22,,,0,80,,6689,22,,,0,80,,6690,22,,,0,40,,6691,22,,,0,80,,6692,22,,,0,79,,6693,22,,,0,40,,6694,22,,,0,85,,6695,22,,,0,80,,6696,22,,,0,81,,6697,22,,,0,40,,6698,22,,,0,85,,6699,22,,,0,80,,6700,22,,,0,40,,6701,22,,,0,80,,6702,22,,,0,80,,6703,22,,,0
2000900,'100010',605,,6704,22,,,0,20,,6705,22,,,0,100,,6707,22,,,0,30,,6708,22,,,0,100,,6710,22,,,0,62,,6735,22,,,0,98,,6712,22,,,0,20,,6713,22,,,0,100,,6715,22,,,0,70,,6716,22,,,0,100,,6718,22,,,0,30,,6719,22,,,0,102,,6721,22,,,0,71,,6722,22,,,0,104,,6724,22,,,0,24,,6725,22,,,0,110,,6727,22,,,0,70,,6728,22,,,0,100,,6730,22,,,0,30,,6731,22,,,0,97,,6733,22,,,0,74,,6734,22,,,0,85,,6736,22,,,0,35,,6737,22,,,0,76,,6738,22,,,0
2000900,'100011',655,,7304,22,,,0,160,,7305,22,,,0,130,,7306,22,,,0,160,,7307,22,,,0,130,,7308,22,,,0,170,,7309,22,,,0,144,,7310,22,,,0,159,,7311,22,,,0,138,,7312,22,,,0,165,,7313,22,,,0
2000900,'100012',605,,7314,22,,,0,20,,7315,22,,,0,30,,7316,22,,,0,70,,7317,22,,,0,30,,7318,22,,,0,60,,7319,22,,,0,40,,7320,22,,,0,62,,7345,22,,,0,28,,7321,22,,,0,70,,7322,22,,,0,20,,7323,22,,,0,70,,7324,22,,,0,30,,7325,22,,,0,70,,7326,22,,,0,30,,7327,22,,,0,70,,7328,22,,,0,30,,7329,22,,,0,70,,7330,22,,,0,32,,7331,22,,,0,71,,7332,22,,,0,41,,7333,22,,,0,63,,7334,22,,,0,24,,7335,22,,,0,72,,7336,22,,,0,38,,7337,22,,,0,70,,7338,22,,,0,30,,7339,22,,,0,70,,7340,22,,,0,30,,7341,22,,,0,65,,7342,22,,,0,32,,7343,22,,,0,74,,7344,22,,,0,85,,7346,22,,,0,35,,7347,22,,,0,76,,7348,22,,,0
2000900,'100036',655,,6706,22,,,0,160,,6709,22,,,0,130,,6711,22,,,0,160,,6714,22,,,0,130,,6717,22,,,0,170,,6720,22,,,0,133,,6723,22,,,0,170,,6726,22,,,0,138,,6729,22,,,0,165,,6732,22,,,0
