500,'100000',819,,5981,38,,,0,100,,5982,38,,,0,100,,5983,38,,,0,100,,5984,38,,,0,100,,5985,38,,,0,115,,5986,38,,,0,100,,5987,38,,,0,100,,5988,38,,,0,115,,5989,38,,,0,100,,5990,38,,,0,100,,5991,38,,,0
500,'100009',819,,5938,38,,,0,100,,5944,38,,,0,100,,5939,38,,,0,100,,5945,38,,,0,100,,5940,38,,,0,115,,5946,38,,,0,100,,5941,38,,,0,100,,5947,38,,,0,115,,5942,38,,,0,100,,5948,38,,,0,100,,5943,38,,,0
500,'100010',611,,5949,38,,,0,30,,5965,38,,,0,70,,5950,38,,,0,30,,5966,38,,,0,70,,5951,38,,,0,40,,5952,38,,,0,70,,5974,38,,,0,30,,5953,38,,,0,70,,5977,38,,,0,30,,5954,38,,,0,70,,5976,38,,,0,30,,5955,38,,,0,70,,5978,38,,,0,82,,5956,38,,,0,35,,5975,38,,,0,75,,5957,38,,,0,35,,5967,38,,,0,75,,5958,38,,,0,35,,5968,38,,,0,75,,5959,38,,,0,80,,5960,38,,,0,41,,5969,38,,,0,70,,5961,38,,,0,30,,5970,38,,,0,70,,5962,38,,,0,30,,5971,38,,,0,85,,5963,38,,,0,70,,5972,38,,,0,30,,5964,38,,,0,70,,5973,38,,,0,30,,5979,38,,,0,70,,5980,38,,,0
500,'100012',611,,7016,38,,,0,30,,7032,38,,,0,70,,7017,38,,,0,30,,7033,38,,,0,70,,7018,38,,,0,40,,7019,38,,,0,70,,7041,38,,,0,30,,7020,38,,,0,70,,7044,38,,,0,30,,7021,38,,,0,70,,7043,38,,,0,30,,7022,38,,,0,70,,7045,38,,,0,82,,7023,38,,,0,35,,7042,38,,,0,75,,7024,38,,,0,35,,7034,38,,,0,75,,7025,38,,,0,35,,7035,38,,,0,75,,7026,38,,,0,80,,7027,38,,,0,41,,7036,38,,,0,70,,7028,38,,,0,30,,7037,38,,,0,70,,7029,38,,,0,30,,7038,38,,,0,85,,7030,38,,,0,70,,7039,38,,,0,30,,7031,38,,,0,70,,7040,38,,,0,30,,7046,38,,,0,70,,7047,38,,,0
700,'100000',822,,6165,35,,,0,100,,6166,35,,,0,100,,6167,35,,,0,100,,6168,35,,,0,100,,6169,35,,,0,115,,6170,35,,,0,100,,6171,35,,,0,100,,6172,35,,,0,115,,6173,35,,,0,100,,6174,35,,,0,100,,6175,35,,,0
700,'100009',822,,6120,35,,,0,100,,6121,35,,,0,100,,6122,35,,,0,100,,6123,35,,,0,100,,6124,35,,,0,115,,6125,35,,,0,100,,6126,35,,,0,100,,6127,35,,,0,115,,6128,35,,,0,100,,6129,35,,,0,100,,6130,35,,,0
700,'100010',544,,6131,35,,,0,70,,6141,35,,,0,30,,6132,35,,,0,58,,6159,35,,,0,12,,6142,35,,,0,30,,6133,35,,,0,70,,6143,35,,,0,40,,6152,35,,,0,70,,6134,35,,,0,30,,6153,35,,,0,70,,6135,35,,,0,30,,6160,35,,,0,70,,6136,35,,,0,30,,6161,35,,,0,70,,6137,35,,,0,83,,6162,35,,,0,35,,6138,35,,,0,75,,6144,35,,,0,35,,6139,35,,,0,75,,6145,35,,,0,75,,6140,35,,,0,35,,6146,35,,,0,80,,6147,35,,,0,40,,6154,35,,,0,70,,6148,35,,,0,30,,6155,35,,,0,70,,6149,35,,,0,30,,6156,35,,,0,86,,6150,35,,,0,70,,6157,35,,,0,30,,6151,35,,,0,70,,6158,35,,,0,30,,6163,35,,,0,70,,6164,35,,,0
700,'100012',544,,7083,35,,,0,70,,7093,35,,,0,30,,7084,35,,,0,58,,7111,35,,,0,12,,7094,35,,,0,30,,7085,35,,,0,70,,7095,35,,,0,40,,7104,35,,,0,70,,7086,35,,,0,30,,7105,35,,,0,70,,7087,35,,,0,30,,7112,35,,,0,70,,7088,35,,,0,30,,7113,35,,,0,70,,7089,35,,,0,83,,7114,35,,,0,35,,7090,35,,,0,75,,7096,35,,,0,35,,7091,35,,,0,75,,7097,35,,,0,75,,7092,35,,,0,35,,7098,35,,,0,80,,7099,35,,,0,40,,7106,35,,,0,70,,7100,35,,,0,30,,7107,35,,,0,70,,7101,35,,,0,30,,7108,35,,,0,86,,7102,35,,,0,70,,7109,35,,,0,30,,7103,35,,,0,70,,7110,35,,,0,30,,7115,35,,,0,70,,7116,35,,,0
1000900,'100000',758,,6634,28,,,0,80,,6635,28,,,0,80,,6636,28,,,0,40,,6637,28,,,0,80,,6638,28,,,0,80,,6639,28,,,0,40,,6640,28,,,0,85,,6641,28,,,0,80,,6642,28,,,0,81,,6643,28,,,0,40,,6644,28,,,0,80,,6645,28,,,0,80,,6646,28,,,0,40,,6647,28,,,0,85,,6648,28,,,0,80,,6649,28,,,0,40,,6650,28,,,0,80,,6651,28,,,0
1000900,'100009',758,,6581,28,,,0,80,,6582,28,,,0,80,,6583,28,,,0,40,,6584,28,,,0,80,,6585,28,,,0,80,,6586,28,,,0,40,,6587,28,,,0,85,,6588,28,,,0,80,,6589,28,,,0,81,,6590,28,,,0,40,,6591,28,,,0,80,,6592,28,,,0,80,,6593,28,,,0,40,,6594,28,,,0,85,,6595,28,,,0,80,,6596,28,,,0,40,,6597,28,,,0,80,,6598,28,,,0
1000900,'100010',545,,6609,28,,,0,100,,6611,28,,,0,70,,6612,28,,,0,100,,6614,28,,,0,22,,6615,28,,,0,103,,6617,28,,,0,60,,6618,28,,,0,100,,6620,28,,,0,30,,6621,28,,,0,100,,6623,28,,,0,70,,6624,28,,,0,100,,6626,28,,,0,33,,6627,28,,,0,104,,6629,28,,,0,64,,6630,28,,,0,102,,6632,28,,,0,18,,6633,28,,,0,115,,6603,28,,,0,70,,6606,28,,,0,97,,6601,28,,,0,44,,6607,28,,,0,85,,6605,28,,,0,75,,6604,28,,,0,35,,6608,28,,,0,75,,6600,28,,,0
1000900,'100011',615,,7261,28,,,0,130,,7262,28,,,0,160,,7263,28,,,0,125,,7264,28,,,0,170,,7265,28,,,0,130,,7266,28,,,0,185,,7267,28,,,0,118,,7268,28,,,0,173,,7260,28,,,0,130,,7259,28,,,0
1000900,'100012',545,,7279,28,,,0,70,,7280,28,,,0,30,,7281,28,,,0,70,,7282,28,,,0,30,,7283,28,,,0,70,,7284,28,,,0,22,,7285,28,,,0,68,,7286,28,,,0,35,,7287,28,,,0,60,,7288,28,,,0,30,,7289,28,,,0,70,,7290,28,,,0,30,,7291,28,,,0,70,,7292,28,,,0,30,,7293,28,,,0,70,,7294,28,,,0,30,,7295,28,,,0,70,,7296,28,,,0,33,,7297,28,,,0,70,,7298,28,,,0,34,,7299,28,,,0,64,,7300,28,,,0,32,,7301,28,,,0,70,,7302,28,,,0,18,,7303,28,,,0,85,,7272,28,,,0,30,,7273,28,,,0,70,,7276,28,,,0,30,,7269,28,,,0,67,,7271,28,,,0,44,,7277,28,,,0,85,,7275,28,,,0,75,,7274,28,,,0,35,,7278,28,,,0,75,,7270,28,,,0
1000900,'100036',615,,6610,28,,,0,130,,6613,28,,,0,160,,6616,28,,,0,125,,6619,28,,,0,170,,6622,28,,,0,130,,6625,28,,,0,173,,6628,28,,,0,130,,6631,28,,,0,173,,6602,28,,,0,130,,6599,28,,,0
2000900,'100000',820,,6739,26,,,0,80,,6740,26,,,0,40,,6741,26,,,0,80,,6742,26,,,0,80,,6743,26,,,0,40,,6744,26,,,0,79,,6745,26,,,0,40,,6746,26,,,0,85,,6747,26,,,0,80,,6748,26,,,0,81,,6749,26,,,0,40,,6750,26,,,0,85,,6751,26,,,0,80,,6752,26,,,0,40,,6753,26,,,0,80,,6754,26,,,0,80,,6755,26,,,0
2000900,'100009',820,,6687,26,,,0,80,,6688,26,,,0,40,,6689,26,,,0,80,,6690,26,,,0,80,,6691,26,,,0,40,,6692,26,,,0,79,,6693,26,,,0,40,,6694,26,,,0,85,,6695,26,,,0,80,,6696,26,,,0,81,,6697,26,,,0,40,,6698,26,,,0,85,,6699,26,,,0,80,,6700,26,,,0,40,,6701,26,,,0,80,,6702,26,,,0,80,,6703,26,,,0
2000900,'100010',610,,6704,26,,,0,20,,6705,26,,,0,100,,6707,26,,,0,70,,6708,26,,,0,100,,6710,26,,,0,22,,6735,26,,,0,98,,6712,26,,,0,20,,6713,26,,,0,100,,6715,26,,,0,70,,6716,26,,,0,100,,6718,26,,,0,30,,6719,26,,,0,102,,6721,26,,,0,71,,6722,26,,,0,104,,6724,26,,,0,24,,6725,26,,,0,110,,6727,26,,,0,70,,6728,26,,,0,100,,6730,26,,,0,30,,6731,26,,,0,97,,6733,26,,,0,74,,6734,26,,,0,85,,6736,26,,,0,35,,6737,26,,,0,76,,6738,26,,,0
2000900,'100011',700,,7304,26,,,0,120,,7305,26,,,0,130,,7306,26,,,0,160,,7307,26,,,0,130,,7308,26,,,0,170,,7309,26,,,0,144,,7310,26,,,0,159,,7311,26,,,0,138,,7312,26,,,0,165,,7313,26,,,0
2000900,'100012',610,,7314,26,,,0,20,,7315,26,,,0,70,,7316,26,,,0,30,,7317,26,,,0,70,,7318,26,,,0,20,,7319,26,,,0,80,,7320,26,,,0,22,,7345,26,,,0,28,,7321,26,,,0,70,,7322,26,,,0,20,,7323,26,,,0,70,,7324,26,,,0,30,,7325,26,,,0,70,,7326,26,,,0,30,,7327,26,,,0,70,,7328,26,,,0,30,,7329,26,,,0,70,,7330,26,,,0,32,,7331,26,,,0,71,,7332,26,,,0,41,,7333,26,,,0,63,,7334,26,,,0,24,,7335,26,,,0,72,,7336,26,,,0,38,,7337,26,,,0,70,,7338,26,,,0,30,,7339,26,,,0,70,,7340,26,,,0,30,,7341,26,,,0,65,,7342,26,,,0,32,,7343,26,,,0,74,,7344,26,,,0,85,,7346,26,,,0,35,,7347,26,,,0,76,,7348,26,,,0
2000900,'100036',700,,6706,26,,,0,120,,6709,26,,,0,130,,6711,26,,,0,160,,6714,26,,,0,130,,6717,26,,,0,170,,6720,26,,,0,133,,6723,26,,,0,170,,6726,26,,,0,138,,6729,26,,,0,165,,6732,26,,,0
