201,'100000',755,,5575,13,,,0,70,,5576,13,,,0,30,,5577,13,,,0,70,,5578,13,,,0,30,,5579,13,,,0,70,,5580,13,,,0,30,,5581,13,,,0,70,,5582,13,,,0,30,,5583,13,,,0,70,,5584,13,,,0,85,,5585,13,,,0,30,,5586,13,,,0,70,,5587,13,,,0,30,,5588,13,,,0,70,,5589,13,,,0,30,,5590,13,,,0,70,,5599,13,,,0,45,,5592,13,,,0,70,,5593,13,,,0,30,,5594,13,,,0,70,,5595,13,,,0,30,,5596,13,,,0,70,,5591,13,,,0
201,'100009',755,,5520,13,,,0,70,,5524,13,,,0,30,,5521,13,,,0,70,,5533,13,,,0,30,,5523,13,,,0,70,,5522,13,,,0,30,,5525,13,,,0,70,,5526,13,,,0,30,,5515,13,,,0,70,,5538,13,,,0,85,,5528,13,,,0,30,,5529,13,,,0,70,,5530,13,,,0,30,,5531,13,,,0,70,,5532,13,,,0,30,,5535,13,,,0,70,,5536,13,,,0,45,,5534,13,,,0,70,,5516,13,,,0,30,,5519,13,,,0,70,,5518,13,,,0,30,,5517,13,,,0,70,,5527,13,,,0
201,'100010',547,,5573,13,,,0,70,,5540,13,,,0,30,,5548,13,,,0,70,,5541,13,,,0,30,,5549,13,,,0,70,,5542,13,,,0,40,,6867,13,,,0,70,,5543,13,,,0,30,,6868,13,,,0,70,,5544,13,,,0,30,,6869,13,,,0,70,,5545,13,,,0,30,,6870,13,,,0,70,,5546,13,,,0,79,,6873,13,,,0,35,,5547,13,,,0,75,,6871,13,,,0,35,,5561,13,,,0,75,,6872,13,,,0,75,,5562,13,,,0,35,,5556,13,,,0,79,,5572,13,,,0,44,,5563,13,,,0,70,,5557,13,,,0,30,,5564,13,,,0,70,,5558,13,,,0,30,,5565,13,,,0,85,,5559,13,,,0,70,,5566,13,,,0,30,,5560,13,,,0,70,,5567,13,,,0,30,,5568,13,,,0,72,,5569,13,,,0
201,'100011',547,,6907,13,,,0,70,,6874,13,,,0,30,,6882,13,,,0,70,,6875,13,,,0,30,,6883,13,,,0,70,,6876,13,,,0,40,,6884,13,,,0,70,,6877,13,,,0,30,,6885,13,,,0,70,,6878,13,,,0,30,,6886,13,,,0,70,,6879,13,,,0,30,,6887,13,,,0,70,,6880,13,,,0,79,,6905,13,,,0,35,,6881,13,,,0,75,,6888,13,,,0,35,,6895,13,,,0,75,,6889,13,,,0,75,,6896,13,,,0,35,,6890,13,,,0,79,,6906,13,,,0,44,,6897,13,,,0,70,,6891,13,,,0,30,,6898,13,,,0,70,,6892,13,,,0,30,,6899,13,,,0,85,,6893,13,,,0,70,,6900,13,,,0,30,,6894,13,,,0,70,,6901,13,,,0,30,,6902,13,,,0,72,,6903,13,,,0
2100,'100000',832,,6344,16,,,0,75,,6345,16,,,0,35,,6346,16,,,0,75,,6347,16,,,0,35,,6348,16,,,0,75,,6349,16,,,0,75,,6350,16,,,0,35,,6351,16,,,0,75,,6352,16,,,0,35,,6353,16,,,0,75,,6354,16,,,0,35,,6355,16,,,0,75,,6356,16,,,0,75,,6357,16,,,0,35,,6358,16,,,0,75,,6359,16,,,0,35,,6360,16,,,0,80,,6361,16,,,0,75,,6362,16,,,0,35,,6363,16,,,0
2100,'100009',832,,6302,16,,,0,75,,6295,16,,,0,35,,6303,16,,,0,75,,6296,16,,,0,35,,6312,16,,,0,75,,6311,16,,,0,75,,6304,16,,,0,35,,6297,16,,,0,75,,6305,16,,,0,35,,6298,16,,,0,75,,6306,16,,,0,35,,6299,16,,,0,75,,6313,16,,,0,75,,6310,16,,,0,35,,6307,16,,,0,75,,6300,16,,,0,35,,6308,16,,,0,80,,6301,16,,,0,75,,6309,16,,,0,35,,6294,16,,,0
2100,'100010',653,,6328,16,,,0,75,,6314,16,,,0,75,,6329,16,,,0,35,,6315,16,,,0,75,,6330,16,,,0,34,,6316,16,,,0,75,,6331,16,,,0,35,,6317,16,,,0,75,,6332,16,,,0,75,,6318,16,,,0,38,,6333,16,,,0,75,,6319,16,,,0,35,,6334,16,,,0,75,,6320,16,,,0,75,,6335,16,,,0,35,,6321,16,,,0,76,,6336,16,,,0,34,,6322,16,,,0,75,,6337,16,,,0,79,,6323,16,,,0,37,,6338,16,,,0,73,,6324,16,,,0,39,,6339,16,,,0,71,,6325,16,,,0,79,,6340,16,,,0,40,,6326,16,,,0,70,,6327,16,,,0,30,,6341,16,,,0,70,,6342,16,,,0,30,,6343,16,,,0
2100,'100011',653,,7174,16,,,0,75,,7160,16,,,0,75,,7175,16,,,0,35,,7161,16,,,0,75,,7176,16,,,0,34,,7162,16,,,0,75,,7177,16,,,0,35,,7163,16,,,0,75,,7178,16,,,0,75,,7164,16,,,0,38,,7179,16,,,0,75,,7165,16,,,0,35,,7180,16,,,0,75,,7166,16,,,0,75,,7181,16,,,0,35,,7167,16,,,0,76,,7182,16,,,0,34,,7168,16,,,0,75,,7183,16,,,0,79,,7169,16,,,0,37,,7184,16,,,0,73,,7170,16,,,0,39,,7185,16,,,0,71,,7171,16,,,0,79,,7186,16,,,0,40,,7172,16,,,0,70,,7173,16,,,0,30,,7187,16,,,0,70,,7188,16,,,0,30,,7189,16,,,0
3100,'100010',547,,6480,8,,,0,70,,6481,8,,,0,30,,6482,8,,,0,70,,6483,8,,,0,30,,6484,8,,,0,70,,6485,8,,,0,30,,6486,8,,,0,70,,6487,8,,,0,538,,6488,8,,,0,75,,6489,8,,,0,75,,6490,8,,,0,35,,6491,8,,,0,77,,6492,8,,,0,83,,6493,8,,,0,30,,6494,8,,,0,70,,6495,8,,,0
3100,'100011',547,,7220,8,,,0,70,,7221,8,,,0,30,,7222,8,,,0,70,,7223,8,,,0,30,,7224,8,,,0,70,,7225,8,,,0,30,,7226,8,,,0,70,,7227,8,,,0,538,,7228,8,,,0,75,,7229,8,,,0,75,,7230,8,,,0,35,,7231,8,,,0,77,,7232,8,,,0,83,,7233,8,,,0,30,,7234,8,,,0,70,,7235,8,,,0
