700,'100000',807,,6165,11,,,0,100,,6166,11,,,0,100,,6167,11,,,0,100,,6168,11,,,0,100,,6169,11,,,0,115,,6170,11,,,0,100,,6171,11,,,0,100,,6172,11,,,0,115,,6173,11,,,0,100,,6174,11,,,0,100,,6175,11,,,0
700,'100009',807,,6120,11,,,0,100,,6121,11,,,0,100,,6122,11,,,0,100,,6123,11,,,0,100,,6124,11,,,0,115,,6125,11,,,0,100,,6126,11,,,0,100,,6127,11,,,0,115,,6128,11,,,0,100,,6129,11,,,0,100,,6130,11,,,0
700,'100010',529,,6131,11,,,0,30,,6141,11,,,0,70,,6132,11,,,0,18,,6159,11,,,0,12,,6142,11,,,0,70,,6133,11,,,0,30,,6143,11,,,0,80,,6152,11,,,0,70,,6134,11,,,0,30,,6153,11,,,0,70,,6135,11,,,0,30,,6160,11,,,0,70,,6136,11,,,0,30,,6161,11,,,0,70,,6137,11,,,0,39,,6162,11,,,0,75,,6138,11,,,0,35,,6144,11,,,0,75,,6139,11,,,0,75,,6145,11,,,0,35,,6140,11,,,0,75,,6146,11,,,0,40,,6147,11,,,0,84,,6154,11,,,0,70,,6148,11,,,0,30,,6155,11,,,0,70,,6149,11,,,0,30,,6156,11,,,0,85,,6150,11,,,0,30,,6157,11,,,0,70,,6151,11,,,0,30,,6158,11,,,0,70,,6163,11,,,0,30,,6164,11,,,0
700,'100011',529,,7083,11,,,0,30,,7093,11,,,0,70,,7084,11,,,0,18,,7111,11,,,0,12,,7094,11,,,0,70,,7085,11,,,0,30,,7095,11,,,0,80,,7104,11,,,0,70,,7086,11,,,0,30,,7105,11,,,0,70,,7087,11,,,0,30,,7112,11,,,0,70,,7088,11,,,0,30,,7113,11,,,0,70,,7089,11,,,0,39,,7114,11,,,0,75,,7090,11,,,0,35,,7096,11,,,0,75,,7091,11,,,0,75,,7097,11,,,0,35,,7092,11,,,0,75,,7098,11,,,0,40,,7099,11,,,0,84,,7106,11,,,0,70,,7100,11,,,0,30,,7107,11,,,0,70,,7101,11,,,0,30,,7108,11,,,0,85,,7102,11,,,0,30,,7109,11,,,0,70,,7103,11,,,0,30,,7110,11,,,0,70,,7115,11,,,0,30,,7116,11,,,0
1000900,'100000',739,,6634,12,,,0,80,,6635,12,,,0,40,,6636,12,,,0,80,,6637,12,,,0,80,,6638,12,,,0,40,,6639,12,,,0,80,,6640,12,,,0,85,,6641,12,,,0,80,,6642,12,,,0,41,,6643,12,,,0,80,,6644,12,,,0,80,,6645,12,,,0,40,,6646,12,,,0,80,,6647,12,,,0,85,,6648,12,,,0,40,,6649,12,,,0,80,,6650,12,,,0,80,,6651,12,,,0
1000900,'100009',739,,6581,12,,,0,80,,6582,12,,,0,40,,6583,12,,,0,80,,6584,12,,,0,80,,6585,12,,,0,40,,6586,12,,,0,80,,6587,12,,,0,85,,6588,12,,,0,80,,6589,12,,,0,41,,6590,12,,,0,80,,6591,12,,,0,80,,6592,12,,,0,40,,6593,12,,,0,80,,6594,12,,,0,85,,6595,12,,,0,40,,6596,12,,,0,80,,6597,12,,,0,80,,6598,12,,,0
1000900,'100010',525,,6609,12,,,0,30,,7261,12,,,0,70,,6611,12,,,0,30,,6612,12,,,0,70,,7262,12,,,0,30,,6614,12,,,0,62,,6615,12,,,0,28,,7263,12,,,0,75,,6617,12,,,0,20,,6618,12,,,0,70,,7264,12,,,0,30,,6620,12,,,0,70,,6621,12,,,0,30,,7265,12,,,0,70,,6623,12,,,0,30,,6624,12,,,0,70,,7266,12,,,0,30,,6626,12,,,0,72,,6627,12,,,0,34,,7267,12,,,0,66,,6629,12,,,0,28,,6630,12,,,0,72,,7268,12,,,0,30,,6632,12,,,0,58,,6633,12,,,0,45,,7260,12,,,0,70,,6603,12,,,0,30,,6606,12,,,0,70,,7259,12,,,0,29,,6601,12,,,0,83,,6607,12,,,0,85,,6605,12,,,0,35,,6604,12,,,0,75,,6608,12,,,0,35,,6600,12,,,0
1000900,'100011',525,,7279,12,,,0,30,,7280,12,,,0,70,,7281,12,,,0,30,,7282,12,,,0,70,,7283,12,,,0,30,,7284,12,,,0,62,,7285,12,,,0,28,,7286,12,,,0,75,,7287,12,,,0,20,,7288,12,,,0,70,,7289,12,,,0,30,,7290,12,,,0,70,,7291,12,,,0,30,,7292,12,,,0,70,,7293,12,,,0,30,,7294,12,,,0,70,,7295,12,,,0,30,,7296,12,,,0,72,,7297,12,,,0,30,,7298,12,,,0,70,,7299,12,,,0,28,,7300,12,,,0,72,,7301,12,,,0,30,,7302,12,,,0,58,,7303,12,,,0,45,,7272,12,,,0,70,,7273,12,,,0,30,,7276,12,,,0,70,,7269,12,,,0,29,,7271,12,,,0,83,,7277,12,,,0,85,,7275,12,,,0,35,,7274,12,,,0,75,,7278,12,,,0,35,,7270,12,,,0
2000900,'100000',759,,6739,12,,,0,80,,6740,12,,,0,80,,6741,12,,,0,40,,6742,12,,,0,80,,6743,12,,,0,80,,6744,12,,,0,40,,6745,12,,,0,80,,6746,12,,,0,85,,6747,12,,,0,80,,6748,12,,,0,41,,6749,12,,,0,80,,6750,12,,,0,85,,6751,12,,,0,40,,6752,12,,,0,80,,6753,12,,,0,80,,6754,12,,,0,40,,6755,12,,,0
2000900,'100009',759,,6687,12,,,0,80,,6688,12,,,0,80,,6689,12,,,0,40,,6690,12,,,0,80,,6691,12,,,0,80,,6692,12,,,0,40,,6693,12,,,0,80,,6694,12,,,0,85,,6695,12,,,0,80,,6696,12,,,0,41,,6697,12,,,0,80,,6698,12,,,0,85,,6699,12,,,0,40,,6700,12,,,0,80,,6701,12,,,0,80,,6702,12,,,0,40,,6703,12,,,0
2000900,'100010',549,,6704,12,,,0,60,,6705,12,,,0,30,,7304,12,,,0,70,,6707,12,,,0,30,,6708,12,,,0,20,,7305,12,,,0,80,,6710,12,,,0,62,,6735,12,,,0,28,,7306,12,,,0,30,,6712,12,,,0,60,,6713,12,,,0,30,,7307,12,,,0,70,,6715,12,,,0,30,,6716,12,,,0,70,,7308,12,,,0,30,,6718,12,,,0,70,,6719,12,,,0,30,,7309,12,,,0,72,,6721,12,,,0,31,,6722,12,,,0,81,,7310,12,,,0,23,,6724,12,,,0,64,,6725,12,,,0,32,,7311,12,,,0,78,,6727,12,,,0,70,,6728,12,,,0,30,,7312,12,,,0,70,,6730,12,,,0,30,,6731,12,,,0,25,,7313,12,,,0,72,,6733,12,,,0,74,,6734,12,,,0,45,,6736,12,,,0,75,,6737,12,,,0,36,,6738,12,,,0
2000900,'100011',549,,7314,12,,,0,60,,7315,12,,,0,30,,7316,12,,,0,70,,7317,12,,,0,30,,7318,12,,,0,20,,7319,12,,,0,80,,7320,12,,,0,62,,7345,12,,,0,28,,7321,12,,,0,30,,7322,12,,,0,60,,7323,12,,,0,30,,7324,12,,,0,70,,7325,12,,,0,30,,7326,12,,,0,70,,7327,12,,,0,30,,7328,12,,,0,70,,7329,12,,,0,30,,7330,12,,,0,72,,7331,12,,,0,31,,7332,12,,,0,81,,7333,12,,,0,23,,7334,12,,,0,64,,7335,12,,,0,32,,7336,12,,,0,78,,7337,12,,,0,70,,7338,12,,,0,30,,7339,12,,,0,70,,7340,12,,,0,30,,7341,12,,,0,25,,7342,12,,,0,72,,7343,12,,,0,74,,7344,12,,,0,45,,7346,12,,,0,75,,7347,12,,,0,36,,7348,12,,,0
